605
0
1025
2
1026
3
1027
4
8
1033
11
1035
12
1036
1037
14
1040
17
18
1043
20
1044
1045
22
23
1047
1049
28
29
1053
34
1060
38
39
1066
43
1067
44
1070
1071
1073
1076
1077
1078
1079
57
1081
1083
61
62
1088
1089
1090
68
1092
69
1093
1094
71
1098
1101
1102
1103
1104
1109
86
1110
1111
88
1113
91
93
94
1121
1122
100
103
105
1130
107
1131
111
1135
1137
115
1139
1141
119
1143
120
1144
121
1145
123
125
1149
1152
1153
132
134
1159
1160
1162
140
1167
1168
1169
1170
147
149
150
154
1179
1180
157
1181
158
1182
159
1183
1184
161
1186
163
1188
1189
167
169
1195
173
1197
174
1199
176
1200
178
179
1203
180
1204
185
1211
189
192
1216
1217
1219
1224
1225
1227
1228
1229
1230
207
1234
214
1238
215
1239
218
1242
221
1246
224
1248
225
1250
1251
228
1252
1255
232
233
234
1259
236
1260
1261
1262
1264
241
243
1267
1268
1269
246
1273
251
1275
1276
254
1279
1280
259
260
1284
264
265
1291
1292
270
272
1296
273
1297
275
276
277
1303
1305
282
1306
283
284
1310
1312
1313
1315
292
1316
1317
298
1322
299
1323
302
1327
304
305
1330
307
1334
1338
315
1339
1340
317
1342
320
1344
321
1345
1346
323
1349
326
328
329
1354
332
1357
1359
1360
1361
1362
1364
341
1366
345
1370
1371
348
352
1378
355
1379
356
1380
1381
1384
1385
362
1386
365
1389
366
369
1393
372
1396
374
1398
376
1401
1402
379
380
1404
1406
1408
1409
1410
387
1413
390
1415
392
394
396
1423
401
1425
402
1426
1427
404
1428
405
1431
408
1435
1437
1438
1441
418
1442
1444
1445
422
1446
1447
1451
1453
430
1454
431
1455
1457
1458
437
1463
440
1465
1466
443
1468
445
1469
1470
1474
451
1475
1476
454
1478
1479
456
1480
1483
1484
1485
463
1487
1490
1491
468
1493
1494
1495
1496
1498
475
477
480
482
1506
483
1507
484
486
487
1511
488
1512
1515
1516
1518
495
496
1521
498
499
503
504
505
506
507
1531
508
1532
509
510
1535
512
513
514
1539
517
1542
521
1547
526
527
1557
535
537
1562
539
1564
1565
542
1566
550
1576
1579
1582
559
1583
560
1586
564
565
566
1590
1591
568
571
1597
574
1599
1600
578
581
582
588
590
593
598
599
604
606
608
609
612
615
621
622
623
624
625
632
634
638
639
642
647
652
654
659
662
666
668
671
674
675
676
677
678
680
681
684
687
689
692
694
696
698
701
702
703
705
709
713
718
724
725
730
731
737
738
742
745
751
752
753
754
757
758
763
764
765
766
768
776
778
780
785
787
791
792
796
797
798
801
802
807
808
809
812
816
818
820
825
826
827
832
833
838
842
843
844
845
847
848
849
851
852
855
856
857
860
864
866
869
873
876
878
879
880
882
883
885
888
893
895
897
898
899
902
906
907
909
910
915
917
923
924
927
931
938
939
940
946
952
953
954
961
962
963
965
966
968
972
973
975
977
981
982
983
984
985
987
988
989
992
996
997
1001
1002
1008
1009
1011
1014
1019
1020
1021
106
0
256
1
257
2
4
9
266
267
268
16
273
19
20
21
23
279
280
25
281
26
282
283
30
288
36
294
295
296
297
42
300
301
47
305
308
53
54
311
313
321
322
67
68
324
70
71
72
73
77
334
338
85
341
343
88
92
95
97
98
354
99
103
112
374
124
125
126
131
132
138
144
148
150
153
164
167
170
173
176
182
184
186
187
188
191
192
193
199
202
203
205
206
211
212
224
228
233
234
237
240
241
244
246
247
255
