564
0
1
1025
1026
3
1027
5
6
7
9
10
11
12
17
20
21
22
23
25
27
28
29
30
31
36
39
41
43
44
45
46
48
50
54
56
57
60
66
69
70
78
79
82
83
84
86
88
89
90
91
95
99
101
104
105
107
109
110
111
112
113
116
117
118
120
124
126
129
130
131
132
134
135
137
138
140
141
142
143
146
149
150
153
157
159
160
164
168
171
172
176
177
178
179
180
182
185
188
190
191
192
193
196
198
199
200
201
203
204
205
206
208
209
217
219
220
221
222
224
226
227
228
229
230
231
232
235
237
238
244
245
246
248
250
251
252
255
259
261
264
265
266
267
268
269
271
272
273
280
282
283
284
285
287
288
289
290
291
292
293
294
296
297
299
300
301
302
305
307
308
309
310
311
312
313
314
315
316
319
322
323
326
329
330
334
335
339
340
341
342
344
345
348
349
352
355
356
358
359
360
366
368
369
370
371
373
375
378
379
380
384
385
387
389
393
394
396
397
398
399
400
402
404
405
406
410
412
413
415
417
419
420
422
423
427
429
430
431
435
436
438
442
443
444
445
448
450
451
452
454
455
457
460
461
463
464
466
468
470
472
474
476
478
483
487
488
489
490
491
493
495
499
501
504
506
507
508
509
510
511
512
513
514
515
517
518
520
521
522
524
527
529
531
535
536
538
540
542
543
545
547
548
549
553
557
559
560
562
563
566
568
570
571
572
573
575
576
577
578
580
582
583
584
587
588
589
590
592
593
594
597
598
601
602
603
604
606
607
610
611
614
615
617
618
619
620
625
626
627
628
629
630
631
633
634
635
636
637
639
640
643
644
648
650
651
652
653
655
656
657
658
660
663
666
667
668
670
671
674
675
678
680
682
683
685
687
688
690
692
695
696
697
699
701
703
708
709
710
711
713
715
716
717
718
721
722
723
725
727
728
729
730
731
732
734
735
738
741
742
744
746
747
749
750
753
754
755
759
760
761
762
763
764
765
766
767
768
769
773
774
776
778
780
782
783
784
786
788
790
792
793
798
799
801
802
803
804
807
808
809
812
813
816
818
820
824
825
826
828
833
834
837
842
846
849
850
852
853
854
859
860
861
862
864
865
867
868
869
872
877
878
879
885
886
887
890
891
892
893
895
896
897
908
909
910
912
913
914
915
916
917
921
922
923
924
927
929
930
934
937
939
941
943
944
947
952
956
957
958
960
962
965
968
970
973
974
976
983
985
988
989
990
991
992
993
994
995
996
998
999
1002
1005
1006
1007
1008
1009
1010
1013
1014
1016
1019
1020
1022
1023
149
1
258
259
5
261
6
262
263
8
9
265
10
13
16
274
20
21
277
22
280
25
285
287
32
289
34
290
35
292
293
294
296
41
297
298
44
45
46
47
304
50
306
308
53
54
310
55
58
316
63
319
320
66
322
323
68
69
326
71
73
75
331
77
334
336
338
84
87
90
91
348
93
351
96
352
98
99
100
101
360
105
363
109
365
366
112
113
114
370
115
116
117
119
123
124
126
127
133
136
138
139
142
146
147
148
154
156
157
158
160
162
164
167
169
171
175
182
184
185
186
188
190
192
196
197
199
200
201
202
205
207
212
213
214
216
222
223
224
227
234
236
238
239
248
249
251
253
254
255
