765
2049
2050
1027
2051
1028
5
6
8
2056
9
1034
2059
1036
1037
14
16
2066
2070
1047
2071
1048
26
30
2079
1056
2082
1062
1063
1065
42
1066
43
2094
2095
52
57
2106
2108
64
1088
1089
2115
68
1092
1093
2117
1096
2120
1099
2124
2125
1102
2126
79
1103
2129
83
1107
1109
1112
1113
2137
2139
93
2144
97
1121
2145
98
102
2151
105
1130
2155
108
109
1134
1137
1138
115
1139
2164
1141
119
1143
120
122
1146
1147
124
125
1149
2173
2176
1153
133
2181
135
1159
2185
138
2186
1163
2187
140
1164
142
143
144
146
2195
149
2197
2200
1177
2201
1178
155
1181
2205
2207
160
162
1186
163
165
1189
1190
2214
2215
169
170
2218
171
175
1199
2226
2227
181
1206
2230
183
1207
2231
1208
2232
186
2235
190
191
1215
195
1220
1221
198
201
1225
1226
1228
1229
1230
2254
2255
1239
2264
217
219
2267
220
1245
2269
1246
223
2271
1248
225
1249
2275
228
2276
1253
230
1254
234
2282
238
239
1263
2287
240
242
1266
2290
244
2292
245
246
2294
2295
248
2296
252
1278
255
2303
1280
2305
2306
2307
2309
263
1288
2312
265
2313
1290
267
2315
268
2317
270
1294
2319
2321
275
2326
279
2327
280
2328
1306
1307
1308
2332
285
1309
2333
2335
2337
1314
2338
291
2339
2340
294
295
2343
1320
1322
2346
2349
302
2354
1331
2357
311
1335
2361
315
1340
317
2365
1342
2366
1343
1344
2369
1346
2372
2373
326
1353
330
2379
332
1356
1357
2381
336
337
1362
2386
341
2394
2395
349
350
1374
2399
352
1377
2403
1381
359
1383
2409
363
364
2412
365
2413
367
2416
371
1396
373
1399
376
1400
378
1402
379
2430
384
385
1411
388
1412
2436
390
1414
2439
392
2444
397
1421
398
2447
1424
2448
1426
1429
2453
406
2455
1434
1435
412
2461
1441
2465
1442
2467
1445
422
2470
1448
1449
2473
2474
2475
428
429
1453
432
434
1458
2482
1460
1461
2485
1463
440
1464
2488
441
1465
2489
1466
2490
446
1470
2494
2497
450
1474
1475
2499
452
2500
453
1477
2502
455
1482
2506
459
2507
460
1484
461
1485
2510
2511
2512
465
2513
2514
468
1492
2516
470
1494
472
2520
473
2521
2522
1499
2523
1500
2524
477
478
1502
2526
1503
1505
2529
482
483
484
2532
2533
1510
487
1511
488
489
1513
490
491
1516
493
1517
2541
494
1518
1519
2543
1520
2544
497
1521
2546
499
2550
1528
506
1530
508
509
2559
1537
2561
514
515
2563
2565
519
2567
2569
1547
2574
1552
531
2582
535
1562
2586
539
1564
2588
1565
2589
542
1570
1571
552
1577
554
2603
557
1582
559
1584
1585
564
1589
1592
1594
572
1596
2623
1600
577
1602
579
1604
583
1608
1613
590
591
1617
594
1619
596
597
1622
601
602
1627
1628
1630
612
613
1637
617
618
1643
624
625
1649
626
1650
629
1654
631
1655
1656
633
1659
1660
1661
638
1663
1666
1669
646
647
651
652
653
1677
655
656
1681
661
662
1686
1688
1691
668
670
1694
1695
672
1696
673
674
675
680
1704
1706
684
1712
690
1714
692
1717
694
1718
1721
1723
1728
705
1729
707
1731
708
1732
1733
712
1736
713
714
715
1739
1740
1741
1743
720
725
727
730
731
736
1760
738
739
740
1764
1765
1767
744
745
746
1771
749
1773
753
1779
1780
1783
760
1784
761
764
1788
766
1791
768
769
1793
1794
1795
1796
1797
776
777
1803
783
1808
786
1810
787
1811
1816
1818
796
797
799
1825
802
1828
807
808
1832
1834
812
813
1837
817
1842
819
1843
1844
823
824
825
1849
826
1850
830
1854
1855
1856
1858
835
1860
837
1863
843
1867
1868
1869
846
853
1877
855
860
1887
864
867
1891
1892
869
872
876
1900
877
1901
884
1910
1911
888
892
1916
1918
895
1921
1922
899
1924
904
1928
1929
910
1939
920
923
928
1952
932
1959
936
1961
1963
940
1964
1965
1968
1972
1974
953
955
956
957
961
962
1987
1988
968
1992
1993
970
1994
975
2001
979
2006
2007
984
986
2012
990
993
994
996
997
998
2022
1001
1002
2028
1007
1009
1012
2037
2039
2041
1018
2045
2046
24
131
5
6
134
7
72
78
81
146
83
20
84
23
28
157
32
96
99
46
110
56
57
122
123
