1360
2052
4100
6
4102
6153
10
8202
8204
2061
4109
2062
8206
4112
8210
8211
4117
22
2070
6167
4122
8218
27
6171
4125
2078
8222
2079
8223
8227
2085
4133
6181
39
4136
8234
2092
6189
46
2094
4144
8240
4145
6197
8245
6198
8248
2106
4154
8250
6204
6206
64
8256
65
66
68
4164
4165
71
2121
75
8267
6222
4176
4178
8275
4180
8277
4183
2136
89
2137
8284
93
2142
4191
8287
96
2145
8290
8292
2149
102
4198
6247
6251
108
110
4206
2161
4211
8308
2168
4216
6265
2170
4218
8314
4220
8316
4221
6269
6271
8319
128
4226
6276
4230
6279
6280
137
6285
4240
8336
150
153
2202
2203
4251
6299
8347
157
6301
8349
158
4258
6314
8363
4269
8365
6318
175
4271
6319
176
6321
8371
181
4278
8374
185
2233
6329
186
2235
190
2239
194
6338
198
2246
4294
199
4296
201
2249
6348
206
2254
2257
210
213
215
4313
219
2267
6365
222
2270
228
232
2280
6376
233
6379
4332
6380
6381
4335
241
4338
243
244
248
4345
2298
6394
252
2300
2302
4352
4353
6401
261
2309
263
6411
2316
269
4367
2320
274
4371
6419
2324
6422
281
2329
6428
2335
4384
2337
4385
6438
2344
2345
298
299
6444
2351
2353
6449
2354
4407
6456
6457
315
2364
4417
322
2372
2375
329
6473
6475
4428
333
4430
6479
4432
6480
338
2387
4435
6484
6489
4442
6499
356
2404
6500
357
2405
4454
4456
365
2417
6514
2419
6518
6521
2427
6526
383
4481
4485
391
6536
394
2442
4492
6541
4495
2449
4497
4499
6548
2453
6549
406
2455
2456
411
6556
2461
414
2462
4510
2464
420
2469
422
2470
2471
427
6571
2478
431
4529
6577
4530
435
6579
2484
4532
6580
4534
439
2487
6583
4536
443
448
4544
4548
6598
6603
4557
2510
4559
6607
2512
4560
468
4564
470
6616
2521
4570
475
2524
6622
479
6623
2529
6627
6629
2535
489
6636
4589
2546
499
2547
6643
2549
503
6647
504
6648
6651
508
6657
2563
4613
6663
2569
6665
522
2573
4622
2576
6673
6674
531
6675
4628
6676
533
2582
4630
6678
6679
4632
537
2587
6684
541
4637
6689
4642
2596
6692
2597
4645
550
2599
6695
552
4649
6697
554
2603
556
6700
2608
2610
6711
4664
2618
4666
571
573
4669
579
4675
580
6725
2630
6726
584
4685
2638
6734
2642
4690
595
4693
2646
2647
2648
2649
602
6750
6753
2660
6756
2662
617
4713
6762
619
4716
2672
625
4724
629
2678
6776
2682
2683
6780
4734
639
4739
644
6788
645
2693
6790
647
648
6792
4747
6798
655
2703
6799
4752
4754
4755
660
661
6805
4759
6809
2714
6812
669
672
2720
2721
674
4770
4776
6825
682
4783
691
4787
692
2740
6836
4789
4790
2747
6843
6848
2753
706
6852
4805
710
712
2760
6856
714
2762
6858
715
2763
4814
6862
6865
2770
723
6867
724
2773
4821
6870
731
4828
733
2783
4833
6883
741
4840
6890
752
2803
4852
2805
6902
4855
6903
2808
4857
6905
6906
2811
4859
6907
6909
767
4866
774
2822
775
6919
776
778
2827
2829
4877
6926
784
2838
6936
2841
4891
4893
4899
2853
4902
4904
809
4907
6957
6961
2866
819
2867
4917
2870
4918
6967
4920
825
4922
4923
4924
829
4925
2879
835
4931
837
6984
4937
4942
847
2895
4944
2898
2901
6997
854
7000
2905
2906
859
2907
7004
2911
864
7008
2913
866
4964
4966
4967
7019
876
2924
4972
882
883
7028
885
7029
2934
7030
7033
4986
4987
4989
894
4990
895
7039
2944
4992
897
2946
7043
4999
2953
2954
5002
2955
5004
7053
910
2958
2959
2961
5010
915
7060
2966
7063
5017
2971
2974
5022
7071
928
7074
2979
934
936
937
2985
938
939
2987
7083
942
5038
2991
2993
5041
2998
955
7099
5054
3007
7103
3008
3010
963
7108
965
966
970
7114
3019
5067
5068
3021
7119
5074
979
3027
5075
7126
988
7132
7134
5087
7135
5088
5089
3043
7142
999
5095
7145
7149
5102
1007
7151
5104
1009
7155
7161
1019
3067
3068
7165
1022
5118
5123
7172
1036
1039
5135
7184
3090
5138
5140
1046
3094
5143
5144
7194
3099
7198
7201
1058
1060
3111
1064
7209
7212
5165
7214
5168
5169
1076
3127
5175
7223
5177
5186
7235
3140
5188
5189
3143
5192
1097
1102
3150
3152
5204
7253
1110
7255
1112
7257
1114
5211
5212
7261
1119
1120
7264
1125
5221
3174
3175
3177
5226
5227
5229
7278
5231
3184
5235
7283
5236
7284
3189
7286
3191
5241
7289
5246
1152
3200
7300
5257
3210
7306
1164
7308
7309
5262
1168
3216
5264
7313
5268
1173
3224
3226
7323
5276
3230
1183
5280
1186
5284
7332
7334
7335
1192
1195
1197
5293
7345
7346
7347
3254
3256
7353
7354
7356
5309
1214
5310
1216
3268
1222
7366
1224
5320
1226
5323
1229
7373
3280
3281
5334
3290
7387
5343
5345
7394
7395
1252
1254
3303
5355
3311
7408
5362
5364
7412
1269
1273
3322
1275
5371
7419
1276
5374
5375
5376
3329
3331
3333
1286
3334
7430
3335
7431
7432
5385
7434
3340
7436
1293
1297
7441
7442
1306
1308
3356
3357
5405
7453
7455
3362
1316
1318
3366
3367
3369
5417
5419
1324
1325
3373
7472
5426
3379
1333
7477
1334
3383
5431
1336
1338
1345
7492
3397
5445
7494
1352
3406
5454
7502
5455
7509
7510
5464
5467
5469
1377
3428
1385
7532
7533
7540
1397
1399
5495
5496
7544
3450
7546
7550
1407
3456
7552
7553
7554
7555
3462
7560
5514
5516
3470
5519
5520
1426
1429
5525
7574
7576
5531
1440
5536
7584
5537
5538
1445
3495
3497
3498
1452
1454
5550
3505
1458
3509
1462
7606
3512
7610
5564
1469
1472
7616
3521
7617
1474
5570
1476
7622
1480
3528
1481
5577
7629
3534
7630
1488
5587
1493
7638
7639
3547
3548
1502
5599
7647
3553
3555
7652
5605
1510
3558
5606
3559
5612
3566
5614
3568
5616
3570
5618
3572
1525
1527
5625
3578
5626
5628
7677
5633
5635
1541
7687
3593
5642
7691
1548
5645
5646
3599
1552
1553
7701
5655
7705
3610
5661
3615
5668
1574
5670
3623
7719
7721
1580
3629
5677
1583
1588
7732
3637
3638
5691
7740
3645
1598
3649
1603
3651
5705
5708
1613
7759
3667
3668
5716
1625
3674
1629
5725
3678
5726
3679
1633
3684
7783
3690
1643
5739
1644
3692
7789
1647
5744
5745
1651
7797
7799
1657
7803
1661
3709
7809
1666
7810
3716
3717
5766
5767
7815
5768
3724
5774
7822
5777
5779
1684
3733
1690
3740
3741
5790
7840
3745
7841
1698
1699
1701
3755
5804
5805
1712
5808
1713
5810
1715
1716
5812
1719
3768
1722
3770
1723
5819
5822
5823
3777
7873
3779
1734
1736
5835
1742
7886
3791
3794
5842
3797
5845
7896
1753
3801
7898
1757
5856
1761
5859
5861
7912
3817
1775
7921
1780
7925
1784
3832
1786
7931
3836
5884
1789
5885
5886
7936
7938
1799
7943
3848
3849
3850
5898
1803
7948
3854
1807
7951
7953
3858
1811
3861
1814
3864
1818
3867
7966
3871
3873
7969
7971
3876
1830
5926
7974
1833
3881
5930
1835
1839
3891
3892
5940
3894
3895
7991
1848
5945
7993
3898
7995
1854
3903
1857
8003
5956
1861
3910
5961
1866
3915
1870
5967
5970
3923
5971
3924
5972
8022
3929
5978
8027
5980
8029
1886
8030
8031
5986
3941
8037
1894
1895
3947
8044
1901
1902
3950
8047
1904
8048
8052
8054
6009
1914
1915
6012
1917
1920
8064
6018
8066
3972
1925
6021
3974
8071
6024
1929
1930
8074
8076
6029
8081
1938
8082
6036
8084
6040
6044
3997
6047
8095
4002
1957
4006
6054
6055
1962
8107
4013
1971
4020
8116
8120
4025
6075
8123
8124
4029
8126
4033
1987
4035
8131
6084
6086
1993
6090
1995
1996
1997
8142
8145
4052
2006
6104
8152
8154
6108
8158
6111
4064
8161
6114
4067
4076
2030
2034
2036
4085
6133
2042
4090
6139
8189
2046
2047
14
128
101
389
9
44
397
79
311
343
375
248
26
314
253
