391
3
6147
1029
7178
4107
16
4112
7185
3092
7188
7189
5147
2076
6173
5155
7207
41
5163
44
7212
2093
5169
1075
52
1076
2105
3131
3132
1086
1094
1095
1096
2122
5195
80
7248
4181
5205
1112
2137
91
6241
3170
7268
3173
6250
5228
5233
3189
6262
7288
7289
7296
3201
7299
2180
135
2183
4231
2184
4237
1167
145
146
7314
1176
153
2201
4254
7327
7330
3236
3240
5289
4269
1198
177
1204
2230
1211
7355
188
191
2245
2249
3276
6348
1230
4305
218
1246
6366
2271
4321
228
1255
3308
2285
4336
4338
3316
250
4349
6400
1282
2306
6406
4359
4360
4365
5389
270
5390
1296
2323
2324
4374
1315
294
1318
297
299
2349
5423
4403
5427
2359
4407
6456
2363
316
6462
5451
5453
6477
338
3410
343
4439
5463
6489
360
6506
364
6511
2416
381
384
6530
4484
4489
4492
6540
4493
1422
1429
5525
410
5532
6558
415
3488
4515
4521
2474
6571
5548
3505
4529
2490
5566
5571
2506
4554
4564
469
2522
5594
3547
4573
1503
480
5606
4585
3562
497
6643
5623
1528
3577
5625
5627
6652
4605
1535
2561
6663
4618
6673
3602
3603
4627
535
536
3612
4636
2590
6686
3615
2595
1573
3622
551
2599
5672
4649
3632
5682
6706
4665
1594
1597
2624
4673
1602
3650
2627
5699
6724
6725
584
2634
3658
6731
6732
1615
3666
595
4691
6739
2648
620
4717
3695
1648
625
4722
5748
3702
3703
2681
6778
5760
3713
1666
4742
5772
1677
3727
6801
5778
2707
1684
4756
5789
674
6820
679
5801
2741
6837
1720
3772
3774
1727
3775
4801
1732
4810
717
5837
719
3791
1745
723
4828
735
5857
5859
740
2788
3814
2791
1768
3818
5867
749
3821
5871
2801
6904
3839
4863
2818
5890
772
2820
4869
4873
1804
1807
5904
3869
1822
799
3877
4901
3878
5926
4904
4906
812
6956
1839
4912
823
2871
5943
5945
3898
1856
6976
3905
5953
4932
5957
2897
858
7004
3935
3937
866
7011
7013
870
4967
4969
5997
1903
3960
3961
2938
895
2946
3970
1923
1936
7057
915
7062
2970
6048
1953
5025
5027
4004
2986
6058
6059
6071
6074
7102
5056
961
1986
3012
4036
6089
5067
3025
983
992
7138
7141
6126
5105
1015
6138
3067
1020
4094
3
386
10
333
