1196
0
4100
2057
6154
2059
4110
8206
2063
8207
2064
6160
8208
2070
24
6168
2074
8218
2075
29
2078
31
32
6177
34
6180
8228
2085
8229
4134
2087
40
8235
6193
2104
6200
58
2108
6204
4157
8254
6209
8258
2115
4165
8261
71
8264
2121
6217
6218
8266
4172
2125
8269
4174
6222
4175
8272
8273
2130
4178
4179
6227
8275
2132
6232
91
4188
4189
6237
8288
2145
4194
6245
8294
8297
110
2159
6256
8305
4213
118
6262
2167
4215
120
2168
2172
6277
4230
4232
4243
149
4245
6293
150
2200
2203
158
4254
4255
2208
162
4258
2215
6313
170
2219
6316
6317
4271
2224
2225
4274
179
182
185
6330
192
4288
194
6348
4301
206
2255
6351
2258
2260
6358
2263
2264
4312
6363
4317
225
2277
4326
2282
6378
6379
2285
4333
2288
242
4338
245
4341
6390
2295
2296
249
6393
2298
2299
4348
2301
254
6400
2307
261
6406
263
2311
265
2316
6412
269
6413
2323
4373
4379
2332
290
6436
4389
6439
296
6440
297
2349
303
2351
6449
6451
309
2357
6455
6458
2363
4415
6464
2370
4419
2372
326
2375
6475
2381
334
2383
6481
6482
4436
2390
2392
4440
6490
2395
2399
6495
4452
2406
363
364
2413
6509
4464
2417
2419
2422
2423
6520
4473
6522
4476
383
4479
4481
4482
2438
4486
6535
6538
396
2444
6540
4495
6546
408
2456
4504
413
4509
6557
4511
4515
2468
4516
425
427
4523
6572
429
2480
4528
6578
2483
436
6580
2485
4535
440
6584
2491
445
4546
2502
4550
4551
2505
4553
467
2521
4569
2524
4572
2525
479
4575
480
4576
6627
2532
4581
6629
486
2537
4585
6633
6635
2540
493
4591
496
2544
497
2550
4601
4604
4608
514
4611
6659
516
6660
2566
4614
519
522
523
524
6669
2576
6672
4625
531
6679
2587
2588
4637
6686
549
4646
4647
554
555
4651
6700
6701
2607
2611
2613
2615
2617
4665
2618
2620
4668
2625
2630
6726
4679
586
4682
587
588
4684
4686
4688
2641
6737
595
6740
6742
600
603
605
606
6750
607
6752
6755
619
2670
4718
4720
2674
4722
6771
631
632
2680
633
634
635
4731
639
6783
6784
2690
6788
645
4741
6790
4744
6799
4755
661
2709
663
4761
6810
2719
4767
2721
6818
6821
682
4778
683
6830
688
2737
2742
4791
6842
699
4795
701
6846
704
6848
4805
4808
718
719
4816
6865
726
6870
4824
2779
2781
2783
6882
6883
4836
4838
2791
744
2793
6891
748
4844
4846
2799
6895
2803
757
6901
2806
6904
762
6907
764
6909
2816
6913
771
2819
4869
776
4872
777
778
781
784
2832
6928
6929
4882
788
4885
2839
6939
4892
6941
798
4894
6942
6945
2850
2857
6953
812
2861
4909
6959
2865
2866
6962
823
6967
827
2876
6976
833
2881
2885
839
2887
6984
846
2896
4946
852
2900
854
4950
2903
4957
7005
2910
2912
7009
4962
7014
2919
2921
4969
2922
4976
881
4977
7025
4978
7026
4983
4985
4986
893
897
4993
4994
904
2952
5001
5003
7051
5004
909
5007
912
2960
7058
5011
916
7060
917
5013
7061
2968
5017
7067
2979
2993
2995
2996
7093
5046
3000
5049
954
3002
7102
7104
3009
964
7109
5063
5066
972
3021
7119
3025
5076
988
989
7134
992
993
5092
5096
5097
5103
5105
3058
7156
1017
1018
1026
7171
1029
3077
7173
7175
1033
3081
1034
7181
7184
1041
7186
5139
5140
5141
7190
3095
5147
5150
1056
5156
7204
5160
7208
3113
7210
7212
1069
7213
5167
3121
1074
7218
1079
1081
5177
5180
3133
5188
1094
5191
1097
1102
5201
3160
5211
7259
1117
7262
5217
3171
5219
7268
5222
7270
1129
1132
1133
3182
5231
7284
5238
1144
5243
7291
3196
5245
1151
3199
1153
7298
3204
1161
7306
3213
5261
5264
5265
1170
1172
7318
1175
7319
1176
5275
7323
3228
7328
7332
7336
7338
1195
3243
3247
5295
7344
1204
5303
1208
3259
1214
3263
7360
3265
5320
5323
5325
5327
3280
5328
5330
7378
3285
5333
3286
7382
7383
7384
1242
7386
5339
1244
1245
5341
7389
1250
3300
5348
1253
7397
5356
7404
1261
7406
7407
7409
1268
1269
5365
3319
1272
3324
1277
3325
1278
7422
5378
3331
3332
7429
7430
1288
3337
1291
5392
3345
1299
3348
1303
5399
5400
5401
1307
3355
5404
5405
7453
1311
1312
5409
3363
5413
5414
7463
5419
1327
5423
7473
5426
3379
7475
5430
3385
7482
1342
3390
5439
7487
5441
7489
3394
7498
1355
1360
5457
5459
7508
5462
7510
5466
5467
3420
5473
7522
3427
1387
1389
5488
7538
5491
3447
5495
7543
3448
3452
1406
7552
1409
5506
1411
5508
1414
3462
3464
1417
5513
5516
7564
5519
7567
3472
3474
7572
7576
7577
7581
1443
7588
3497
7593
3501
1455
7599
3504
5553
7602
1462
5561
1468
7612
1470
3518
3519
5568
7618
1478
3526
5575
5576
1483
3531
7630
1488
5585
7633
1496
7644
1501
1502
1503
3554
1510
7654
1511
3560
5609
7658
3563
7659
5612
5615
7663
7665
7668
3573
7670
7672
7673
1533
7677
5630
5631
7679
1536
3588
3591
1544
1545
7689
1547
1550
5646
7699
7700
3606
7704
5659
5664
7716
5669
7719
1576
1579
7723
5678
7729
1586
5686
5689
7739
3644
5692
7741
3647
5695
1600
5697
7746
1609
7753
3659
1613
1615
3663
3665
3666
1619
7775
5745
7793
1651
3699
5747
5749
7798
1655
3704
5752
5753
5758
7806
5760
5761
1667
3717
7814
1671
1672
5768
3722
5772
5774
1679
5775
1680
1681
3731
1684
3733
5781
1688
3738
5786
5787
3740
1693
5789
7838
1695
3743
1697
5794
7844
1701
7846
7847
3754
1709
5805
3763
5811
5812
5813
3767
3771
5819
1724
1728
5826
7876
3781
3782
1736
5833
1738
3786
5834
5835
3788
1743
1746
1747
5846
3799
1755
7900
7901
5856
3811
5860
1765
3813
7911
1769
5867
7916
3824
1777
1778
3826
7922
7925
3835
7931
3837
7933
1791
5887
7935
3841
3843
7941
1800
7944
3849
7946
1803
7952
1809
7953
3858
5906
3860
1813
3863
7959
7960
5915
3870
5919
5922
1827
3877
7973
1831
3879
5928
1835
3883
1836
5934
3887
5935
3889
1842
3890
5938
7988
5941
5944
3899
7996
3901
1858
8002
1860
5956
1861
1862
3910
1864
5961
3915
8012
3917
1871
3923
5972
8020
1877
3925
1878
8022
5977
5978
3931
3933
1887
8031
1888
3936
8035
1892
3944
3945
8041
8042
8043
3950
8048
3956
3957
3958
8054
8056
6009
8057
8059
6014
1919
3973
3976
3977
3978
6028
8076
1934
3984
8080
8082
3989
6038
3991
1944
8092
6046
3999
1959
8104
6057
4010
8106
8109
6062
8110
1970
4020
4022
6070
8118
6076
4029
6078
6081
8129
1988
6087
1993
6089
1994
8139
8141
1998
6095
4049
6098
2003
6100
4053
6104
8152
2009
2010
8157
2014
4062
4063
6111
6112
4065
6113
8162
8164
6119
2024
4072
6121
8171
8173
2031
4079
2032
8177
8179
8180
2039
8183
8184
8185
4090
6140
2046
6142
4095
8191
4
115
84
22
41
