116
768
514
1282
1540
1543
264
8
1293
782
2063
1043
787
2070
535
536
2077
1565
29
288
545
1832
2090
1322
1581
560
1075
1337
1849
571
1084
63
65
2117
331
1869
1618
850
1110
1623
1627
1373
1121
1891
612
1641
1900
110
111
2161
1394
1653
374
1399
2168
1144
637
127
1663
899
644
135
651
1423
1425
1427
1939
1684
1687
663
152
1945
1434
668
1948
165
677
934
681
1961
1196
1711
1455
944
1715
185
1981
446
448
961
451
711
1228
460
973
2000
2004
982
732
476
224
480
737
738
1764
1766
745
490
750
1262
497
2034
504
1530
1275
252
254
168
0
1
2
3
4
5
6
7
8
9
10
11
12
13
14
15
16
17
18
19
20
21
22
23
24
25
26
27
28
29
30
31
32
33
34
35
36
37
38
39
40
41
42
43
44
45
46
47
48
49
50
51
52
53
54
55
56
57
58
59
60
61
62
63
64
65
66
67
68
69
70
71
72
73
74
75
76
77
78
79
80
81
82
83
84
85
86
87
88
89
90
91
92
93
94
95
96
97
98
99
100
101
102
103
104
105
106
107
108
109
110
111
112
113
114
115
116
117
118
119
120
121
122
123
124
125
126
127
128
129
130
131
132
133
134
135
136
137
138
139
140
141
142
143
144
145
146
147
148
149
150
151
152
153
154
155
156
157
158
159
160
161
162
163
164
165
166
167
