765
0
1
2051
5
6
2056
1032
2057
1033
11
12
1036
2060
1037
13
2061
2062
16
17
2065
1046
2071
1048
2073
2074
29
1053
30
2082
34
2085
2086
38
39
2087
40
41
42
2090
2091
43
2093
46
1070
2095
2096
50
53
1078
2103
57
2106
1083
59
2108
1085
1087
1089
66
67
1092
2117
69
1093
1095
1096
2120
1097
74
1098
2124
2125
1101
2126
79
2127
2128
1106
83
2131
84
1110
87
2135
1113
1114
2139
2140
1117
2142
2143
97
2145
1121
98
1122
2148
1127
103
104
1128
1130
107
1131
1133
1134
111
112
1137
1138
1139
1141
1142
119
121
1146
1149
2174
2176
1153
1157
2181
2182
134
1159
135
2184
138
2186
2187
1163
140
2190
1167
144
145
146
2195
147
1176
1177
1178
155
156
2205
164
2213
1190
167
1191
2215
2216
1192
169
2217
1194
2218
172
174
175
2223
1200
176
1204
2228
182
1206
1207
1208
185
1209
186
1214
193
1220
1221
2245
198
2247
201
2249
203
2251
204
205
1229
1230
2255
1233
212
214
2263
2265
2266
219
2267
2268
220
1244
2269
1245
222
223
2271
2273
1251
2275
228
2276
229
2280
2281
234
2282
1259
2284
2286
1264
2288
240
1265
242
2290
2291
245
246
1271
1274
251
2299
1278
1279
255
256
2305
260
1285
263
1288
2313
265
1290
267
268
2317
1294
1296
2321
274
1300
279
280
1304
1306
2331
2333
1311
2335
1313
1314
2339
292
1317
294
2342
2343
1322
1323
299
303
304
1330
1331
1332
1333
2357
1335
2359
311
2360
1336
313
315
2363
1340
2365
318
2366
320
1344
1345
2371
1351
1353
2378
1354
330
332
2380
1357
2381
334
2382
335
1360
2384
1361
337
1362
338
340
341
2391
346
2394
347
2396
349
1374
2398
2399
1375
1376
1378
355
1379
2403
356
2404
2406
1383
359
2407
360
2408
2410
2411
363
364
2412
365
2413
366
2415
2416
2418
1394
1395
2419
1397
2421
373
1398
2423
1399
1400
2425
1401
378
2427
379
381
1405
2430
382
385
387
1411
2436
390
394
2444
2445
2448
1425
1428
2453
1430
2455
2456
1434
1435
2460
413
1438
1439
416
2464
1441
2465
2466
418
1443
2467
1445
2469
1448
2473
1449
1452
428
2476
431
1456
2480
2482
1458
1460
1463
439
442
443
2492
1470
446
2495
449
2498
2500
2502
2504
457
2505
1483
460
1484
1485
2510
463
2513
465
2514
2515
468
2516
2517
471
1498
2524
1500
477
478
480
2528
1505
1507
2532
1509
486
1510
2534
488
1513
1515
2541
494
498
499
2550
2553
1530
506
1532
1533
2558
1535
2561
513
2562
514
516
2565
1541
517
1542
518
519
521
2569
1546
522
1547
2571
2572
2573
1549
2574
530
1555
2581
2582
535
2585
1563
1564
541
542
543
1567
1568
545
2594
1570
546
1571
2595
2596
549
2597
2598
1574
550
551
552
1577
2601
554
1578
2604
556
2605
1582
1583
1585
1587
563
564
1589
1592
1596
572
1600
577
579
1604
1606
586
587
1611
590
1618
594
1619
600
1625
1626
1630
1632
1633
1640
1643
619
1645
624
1649
1653
1654
1661
1663
641
1666
644
646
1671
649
1674
651
652
1679
655
656
1681
1683
659
662
1688
667
1692
669
1696
672
1697
673
674
1700
1703
1708
1711
1712
1713
689
1718
697
1722
698
1723
699
1724
701
1728
706
1731
1733
712
1737
714
1739
1742
1744
728
1752
1754
1756
734
1759
1763
740
1764
741
743
744
746
747
1771
748
1773
1774
750
1777
1779
755
756
757
758
760
1784
761
1788
768
1796
1798
774
1799
775
776
777
778
780
1805
1807
1808
1810
1811
787
788
1814
796
1820
804
807
812
1837
813
814
816
1841
1842
821
1846
823
825
826
1851
1856
1858
836
1861
1863
843
1868
1869
846
852
1880
856
1881
857
859
861
1887
864
867
868
873
879
880
883
1908
887
888
1913
1916
895
896
1921
1922
1925
1927
904
1932
908
909
1934
910
1935
1939
916
917
1943
921
923
1950
927
1953
933
1959
935
936
1960
1961
938
939
942
1968
1969
1976
953
954
955
1979
956
1988
966
968
1992
1993
1994
1997
975
2002
2007
2012
2013
2018
995
997
2024
1001
1010
1011
1015
1016
1017
1020
1021
161
0
1
2
3
4
5
6
7
8
9
10
11
12
13
14
15
16
17
18
19
20
21
22
23
24
25
26
27
28
29
30
31
32
33
34
35
36
37
38
39
40
41
42
43
44
45
46
47
48
49
50
51
52
53
54
55
56
57
58
59
60
61
62
63
64
65
66
67
68
69
70
71
72
73
74
75
76
77
78
79
80
81
82
83
84
85
86
87
88
89
90
91
92
93
94
95
96
97
98
99
100
101
102
103
104
105
106
107
108
109
110
111
112
113
114
115
116
117
118
119
120
121
122
123
124
125
126
127
128
129
130
131
132
133
134
135
136
137
138
139
140
141
142
143
144
145
146
147
148
149
150
151
152
153
154
155
156
157
158
159
160
