805
2
4
5
6
7
9
10
12
13
14
2066
19
2067
2068
20
21
22
23
2072
24
25
26
27
28
29
30
39
40
41
2090
42
43
44
45
46
47
48
49
50
51
52
2101
53
54
55
56
2105
57
58
59
60
61
62
71
2119
2121
2123
79
80
81
82
83
84
85
86
87
88
89
2138
90
91
2140
92
93
94
95
96
97
98
99
100
101
102
103
104
105
106
107
108
109
110
111
112
113
114
115
116
117
2166
118
119
120
121
122
123
124
125
126
153
154
2204
159
160
161
162
163
2212
164
165
166
167
168
169
170
2219
171
172
173
174
175
176
177
178
179
180
181
182
183
184
185
2234
186
187
188
189
190
191
192
193
194
195
196
197
198
199
200
201
202
203
204
205
206
207
208
209
210
2259
211
212
213
214
215
216
217
218
2266
219
220
221
222
2271
224
2273
225
226
227
228
229
230
231
232
233
234
235
236
237
238
239
240
241
242
243
244
245
246
247
248
249
250
251
252
253
254
2303
260
263
268
2318
271
2322
276
289
2341
317
318
319
320
321
322
323
324
2373
325
2374
326
327
328
329
330
331
332
333
334
335
336
337
338
339
340
341
342
343
344
345
346
347
348
349
350
351
352
353
354
355
356
357
358
359
360
2409
361
362
363
364
365
366
367
368
369
370
371
372
373
374
375
376
377
378
379
380
381
382
383
384
385
386
387
388
389
390
391
392
393
394
395
396
397
398
399
400
401
402
403
404
405
406
407
408
409
410
411
412
413
414
415
416
417
2466
418
419
420
2469
421
2470
422
423
424
425
426
427
2476
428
429
2478
430
431
432
433
434
435
436
437
438
439
440
441
442
443
444
445
446
447
448
449
450
451
452
453
454
455
456
457
458
459
460
461
462
463
464
465
466
467
468
469
470
471
472
473
474
475
476
477
478
479
480
481
482
483
484
2533
485
486
487
488
2537
489
490
491
492
493
494
495
496
497
498
2547
499
500
2549
501
502
503
504
505
506
507
508
509
510
511
2559
2560
515
525
2581
2582
539
563
569
2618
580
581
2630
2633
2653
2654
607
614
2667
630
2681
635
636
637
638
639
640
641
642
643
644
645
646
647
648
649
650
651
652
653
654
655
656
657
658
659
660
661
662
663
664
665
666
667
668
669
670
671
672
673
674
675
676
677
678
679
680
681
682
683
684
685
686
687
688
689
690
691
692
693
694
695
696
697
698
699
700
701
702
703
704
705
706
707
708
709
710
711
712
713
714
715
716
717
718
719
720
721
722
723
724
725
726
727
728
729
730
731
732
733
734
735
736
737
738
739
740
741
742
743
744
745
746
747
748
749
750
751
752
753
754
755
756
757
758
759
760
761
762
763
764
765
766
767
768
769
770
771
772
773
774
775
776
777
778
779
780
781
782
783
784
785
786
787
788
789
790
791
792
793
794
795
796
797
798
799
800
801
802
803
804
805
806
807
808
809
810
811
812
813
814
815
816
817
818
819
820
823
831
832
843
847
849
863
875
892
895
907
908
909
917
919
923
927
931
932
939
941
943
956
959
963
964
975
983
985
989
999
1006
1018
1023
1025
1041
1047
1059
1083
1108
1116
1126
1130
1135
1137
1138
1140
1153
1168
1177
1181
1187
1192
1193
1203
1204
1208
1213
1215
1231
1241
1243
1245
1250
1253
1259
1263
1266
1277
1279
1291
1297
1311
1320
1321
1329
1331
1334
1338
1348
1357
1360
1367
1377
1379
1383
1389
1391
1392
1407
1439
1440
1445
1446
1451
1455
1467
1468
1475
1482
1483
1494
1495
1505
1506
1509
1525
1535
1536
1537
1539
1543
1555
1567
1570
1587
1591
1593
1597
1599
1602
1603
1607
1639
1650
1670
1681
1683
1692
1699
1704
1707
1715
1720
1721
1742
1751
1784
1787
1798
1802
1806
1807
1811
1812
1823
1826
1835
1839
1853
1866
1867
1880
1887
1899
1921
1930
1943
1978
1980
1983
1985
1994
2009
2017
2018
2037
2045
90
0
1
2
3
4
5
6
7
8
9
10
11
12
13
14
15
16
17
18
19
20
21
22
23
24
25
26
27
28
29
30
31
32
33
34
35
36
37
38
39
40
41
42
43
44
45
46
47
48
49
50
51
52
53
54
55
56
57
58
59
60
61
62
63
64
65
66
67
68
69
70
71
72
73
74
75
76
77
78
79
80
81
82
83
84
85
86
87
88
89
