271
0
2
3
6
8
13
15
16
18
19
23
25
26
27
28
29
31
32
33
34
35
40
42
44
45
46
47
48
49
52
53
55
56
57
58
60
61
62
63
64
65
67
69
70
71
74
75
77
78
82
83
84
85
86
88
90
91
92
93
94
95
101
102
103
104
105
106
107
108
109
110
111
112
113
114
117
120
122
123
124
126
127
128
129
130
131
132
133
136
138
139
140
142
143
144
145
146
147
148
149
150
152
153
154
155
156
157
160
161
162
163
164
165
166
167
168
169
171
173
174
175
177
178
182
183
184
185
186
187
188
189
190
191
192
194
200
201
202
203
205
206
208
209
213
214
217
218
219
220
221
222
226
227
228
229
230
232
233
234
237
238
239
241
243
245
247
248
250
252
253
254
255
257
260
261
262
264
266
268
270
272
273
274
275
277
278
279
281
285
287
288
290
291
294
295
296
297
298
299
300
301
302
304
306
307
308
312
313
314
316
318
320
321
322
323
328
329
331
333
334
335
336
337
340
341
343
345
346
348
350
353
356
358
359
360
364
365
368
369
370
374
376
377
379
380
381
384
385
386
387
388
389
390
392
393
397
398
399
401
402
406
407
408
409
410
411
412
413
414
415
416
83
0
1
2
3
4
5
6
7
8
9
10
11
12
13
14
15
16
17
18
19
20
21
22
23
24
25
26
27
28
29
30
31
32
33
34
35
36
37
38
39
40
41
42
43
44
45
46
47
48
49
50
51
52
53
54
55
56
57
58
59
60
61
62
63
64
65
66
67
68
69
70
71
72
73
74
75
76
77
78
79
80
81
82
