2173
2
4100
5
6
10
11
12
13
14
4111
21
4118
22
23
24
25
26
27
28
29
30
4132
4137
41
42
43
44
4141
45
46
47
48
4145
49
50
51
4148
52
53
54
55
56
57
58
4155
59
60
4157
61
62
63
4164
4165
4172
4174
4177
4178
4181
85
86
87
88
89
90
91
4188
92
93
94
95
96
97
98
99
100
101
102
4199
103
104
105
4202
106
107
108
109
110
111
112
113
114
115
116
117
118
119
120
121
122
123
124
125
126
4237
151
152
154
4252
156
4259
170
171
172
173
4270
174
175
176
177
178
4275
179
180
181
182
183
184
4281
185
186
187
188
189
190
191
192
193
194
195
196
197
198
199
200
4297
201
4298
202
203
204
4301
205
206
207
208
209
210
211
212
213
214
215
216
217
218
219
220
221
222
223
224
225
226
227
228
229
230
231
232
233
234
235
236
237
238
239
240
241
242
243
244
4341
245
246
247
4344
248
249
250
251
252
253
254
4351
256
259
4376
4377
284
4383
4388
295
302
4400
4404
4406
4416
4419
327
4424
4432
340
341
342
343
344
345
346
347
348
349
350
351
352
353
354
355
356
357
358
359
360
361
362
4459
363
364
4461
365
366
367
368
369
370
371
372
373
374
375
376
377
378
4475
379
380
4477
381
382
383
4480
384
385
386
387
388
389
390
391
4489
393
394
395
396
4493
397
398
399
400
401
402
403
404
405
406
407
408
409
410
411
412
413
414
415
416
417
418
4515
419
420
421
422
423
424
425
426
427
428
429
430
431
4528
432
433
434
435
436
437
438
439
440
441
442
443
444
445
446
447
448
449
450
451
452
453
454
455
456
457
458
459
460
461
462
463
464
4561
465
466
467
468
469
470
471
472
473
474
475
476
477
478
479
480
481
482
483
484
485
486
487
488
489
4586
490
491
492
493
494
4591
495
496
497
498
4594
499
500
501
502
503
504
505
506
4603
507
508
4605
509
510
4615
4616
529
4626
4628
537
539
4644
4645
4648
555
4653
562
4660
4661
570
574
4675
4680
587
4686
593
4693
599
4704
4705
4715
4726
633
4731
635
4735
4738
651
4755
660
661
673
4770
681
682
4779
683
684
685
4782
686
687
688
689
690
691
692
693
694
695
696
697
698
699
700
701
702
703
704
705
706
707
4804
708
709
710
4807
711
712
4809
713
714
4811
715
716
717
718
719
720
722
723
724
725
726
727
728
729
730
731
732
4829
733
734
735
736
737
738
4835
739
740
741
742
743
744
745
746
747
748
749
750
751
752
753
754
4851
755
756
757
758
4855
759
4856
760
761
762
763
764
765
766
767
768
769
770
771
772
773
774
775
776
777
778
4875
779
780
781
782
783
784
785
4882
786
787
788
789
790
791
792
793
794
795
796
797
798
799
800
801
802
803
804
805
806
4903
807
808
809
810
4907
811
812
813
814
815
816
817
818
819
820
821
822
823
4920
824
4921
825
826
827
828
829
830
831
832
833
834
835
836
837
838
839
840
841
842
843
844
845
4942
846
847
848
849
850
851
852
853
854
855
856
857
858
859
4956
860
861
862
863
864
865
4962
866
867
4964
868
869
870
871
873
874
876
877
4974
878
879
880
881
882
4979
883
884
885
886
887
888
889
890
892
893
894
895
4992
896
897
898
899
900
901
902
903
5000
904
905
906
907
908
909
910
911
912
913
914
915
916
917
918
919
920
921
922
923
924
925
926
927
928
929
930
931
932
933
934
935
936
937
938
939
940
941
942
943
944
945
946
947
948
949
950
951
952
953
954
955
956
957
958
959
960
961
962
963
964
965
966
967
5064
968
969
970
971
972
973
974
975
976
977
978
979
980
981
982
5079
983
984
985
986
987
988
989
990
5087
991
992
993
994
995
996
997
998
999
1000
1001
1002
1003
1004
1005
1006
1007
1008
5105
1009
5106
1010
5107
1011
1012
1013
1014
1015
1016
1017
1018
1019
1020
1021
1022
5131
1040
5136
5140
5145
5152
5153
1066
5169
1080
1083
5202
5208
5216
1120
5217
5221
1136
5236
5238
1143
1151
1158
1164
1180
5278
1184
1190
1195
5298
5299
1210
5307
1213
5312
1223
1227
5326
5327
1232
1233
5334
1240
5341
5346
1251
5348
1253
5350
5351
5353
5357
5361
1269
5367
5379
1296
5395
1300
1301
1304
5407
5411
5414
5420
1329
1333
5429
1344
1346
5445
1353
1359
1362
1363
5459
1364
1365
1366
5463
1367
1368
1369
1370
1371
1372
1373
1374
1375
1376
1377
1378
1379
1380
1381
1382
1383
1384
1386
5483
1387
1388
1389
1390
1391
1392
1393
1394
1395
5492
1396
1397
1398
1399
1400
1402
5498
1403
5500
1404
1405
1406
1407
1408
5505
1409
1410
1411
1412
1413
1414
1415
1416
1417
1418
1419
1420
1421
1422
5519
1423
1424
1425
1426
1427
1428
1429
1430
1431
1432
1433
1434
1435
5532
1436
5533
1437
1438
1439
1440
1441
1442
1443
1444
1445
1446
1447
1448
5545
1449
1450
1451
1452
1453
1454
1455
1456
1457
1458
1459
5556
1460
1461
1462
1463
5559
1464
5561
1465
1466
1467
1468
1469
1470
1471
1472
1473
1474
1475
1476
1477
1478
1479
1480
1481
5578
1483
1484
1485
1486
1488
1489
1490
1491
1492
1493
1494
1496
1497
5593
5594
1498
1499
1500
1501
1502
1503
1504
5601
1505
1506
1507
1508
1509
1510
1511
1512
1513
1514
1515
1516
1517
1518
5615
1519
1520
1521
1522
1523
1524
1525
1526
5623
1527
1528
1529
1530
1531
1532
1533
1534
1535
1536
1537
1538
5635
1539
1540
1541
1542
1543
5639
1544
1545
5642
1546
1547
1548
5644
1549
1550
1551
5648
1552
1553
1554
1555
1556
1557
1558
1559
1560
1561
1562
1563
1564
1565
1566
1567
1568
1569
1570
1571
1572
1573
1574
1575
1576
1577
1578
1579
1580
1581
1582
1583
5679
1584
1585
1586
1587
1588
1589
1590
1591
1592
1593
1594
1595
1596
1597
1598
5695
1600
1601
1602
1603
1604
1605
1606
5703
1607
5704
1608
1609
1610
1611
1612
1613
1614
1615
5711
1616
1617
1618
5715
1619
1620
1621
1622
1623
1624
1625
1626
1627
1628
1629
5726
1630
1631
1632
1633
1634
1635
1636
1637
1638
1639
1640
1641
1642
5739
1643
1644
1645
1646
5743
1647
1648
1649
1650
1651
1652
1653
1654
1655
1656
1657
5754
1658
1659
5756
1660
1661
5759
1663
1664
1665
1666
1667
5764
1668
5765
1669
1670
1671
1672
1673
1674
1675
1676
1677
1678
1679
1680
1681
1682
1683
1684
1685
5782
1686
1687
1688
1689
1690
1691
5788
1692
1693
1695
1696
1697
1698
1699
1700
1701
1702
5798
1703
1704
1705
1706
1707
1708
5805
1709
1710
1711
1712
1713
1714
5811
1715
1716
1717
1718
1719
1720
1721
1722
1723
1724
1725
1726
1727
1728
1729
1730
5827
1731
1732
1733
1734
1735
1736
1737
1738
1739
1740
1741
5838
1742
1743
1744
1745
1746
5843
1747
1748
5845
1749
1750
1751
1752
5849
1753
1754
1755
1756
1757
1758
5855
1759
1760
1761
1762
1763
1764
1765
1767
1768
1769
1770
1771
1772
1773
5870
1774
1775
1776
1777
1778
1779
1780
1781
1782
1783
1784
1785
1786
1787
1788
1789
1790
1791
1792
1793
1794
1795
5892
1796
1797
1798
1799
1800
1801
1802
1803
1804
1805
5902
1806
1807
1808
1809
1810
5907
1811
1812
1813
1814
1815
1816
5913
1817
1818
1819
5916
1820
1821
5918
1822
5919
1823
1824
1825
1826
5923
1827
1828
1829
1830
1831
1832
1833
1834
1835
1836
1837
1838
1839
1840
1841
1842
5939
1843
1844
1845
1846
1847
1848
5945
1849
1850
1851
1852
1853
1854
1855
1856
1857
1858
1859
1860
1861
1862
1863
1864
1865
1866
1867
5964
1868
5965
1869
1870
1871
5968
1872
1873
1874
1875
1876
1877
1878
1879
1880
1881
1883
1884
1885
1886
1887
1888
1889
1890
1891
1892
1893
1894
5991
1895
1896
1897
1898
1899
1900
1901
1902
5999
1903
1904
1905
1906
1907
1908
1909
1910
1911
6007
1912
1913
1914
1915
6012
1916
1917
1918
6015
1919
1920
6017
1921
1922
1923
1924
1925
1926
1927
1928
1929
1930
1931
1932
1933
1934
1935
1936
1937
1938
1939
1940
1941
1942
1943
1944
1945
1946
1947
1948
1949
1950
1951
1952
1953
1954
6051
1955
1956
1957
1958
1959
1960
1961
1962
1963
6060
1964
1965
1966
6063
1967
1968
1969
6066
1970
1971
1972
1973
1974
1975
1976
1977
1978
1979
1980
1981
1982
1983
6080
1984
1985
1986
1987
1988
1989
1990
1991
1992
1993
1994
1995
1996
1997
1998
1999
2000
2001
2002
2003
2004
2005
2006
2007
2008
2009
2010
2011
2012
2013
2014
2015
6112
2016
2017
2018
2019
6116
2020
2021
2022
2023
2024
6121
2025
2026
2027
6124
2028
2029
2030
2031
6128
2032
6129
2033
2034
2035
2036
2037
6134
2038
2039
2040
2041
2042
2043
2044
2045
2046
2048
2051
6147
6164
6166
2074
6173
2078
6180
6187
6194
6204
6205
2109
6206
6208
2112
6214
2121
2122
2125
2126
2128
6224
6233
2138
2145
6241
6242
2147
6243
2149
6255
2159
6259
6263
2167
6264
6265
6266
6267
2176
2177
2185
6286
2192
6294
2200
6299
6308
2212
2214
2220
2221
2223
6320
6322
6333
6338
6339
2247
2248
2251
2257
2259
2264
2266
2269
6365
2270
6369
2277
6376
6381
6383
2301
2302
6400
6408
6423
2329
6427
2334
2335
2337
6437
2342
2345
2348
6450
2356
6464
6467
2375
6481
6482
6494
2402
2408
2410
2411
6515
6519
2447
6551
6558
6559
6560
6567
2473
2476
6578
6585
6587
6589
6590
6593
6598
6603
2507
2516
6624
6625
6627
2535
6636
6639
6640
2544
6642
6645
6646
2551
6651
6655
2560
6657
6658
6664
2574
2578
6677
2582
6689
6705
2618
6714
2620
6729
2638
6748
2657
2661
2664
6761
2668
2671
2672
2675
6776
6779
2686
2694
6792
6797
2704
2708
2711
2712
2713
2716
6818
6823
2727
6824
2735
2738
2746
2752
2755
6852
6859
2770
2771
2775
2776
2779
2788
2790
6888
6895
6896
6898
2803
2804
2805
6905
6913
2819
6916
6917
6920
2826
2827
2834
2836
6934
2839
6938
6951
6957
2861
6959
2863
2867
2869
2874
6972
2879
2882
2883
6980
2887
2889
6987
2895
6992
2903
7005
2909
7007
2911
7009
2914
7016
7017
2923
2926
2929
2934
2935
2937
2938
2939
2943
7041
7047
2951
2954
2955
2956
2959
7056
2963
2965
2967
2975
2981
2983
7079
2991
7087
2995
7100
3007
7107
3013
3014
3015
7111
7123
3027
3030
7126
3031
3032
3033
7133
7135
3042
3047
3051
7163
3070
3071
3073
7175
7176
3083
7183
3089
3092
3093
7191
3097
7194
7198
7199
3103
3107
7206
3111
3114
3116
3125
7223
3127
3129
3131
3132
3137
7235
7240
3147
3148
3157
7259
3165
7262
3168
7270
3175
7272
3177
7278
3192
3193
3198
3199
3204
7300
3211
3213
3215
3223
3231
3232
7329
3243
3244
3249
3251
3252
3253
3255
7352
7354
3262
7360
3268
3275
3279
3283
3285
3306
3310
3313
3317
3325
3327
3330
3335
3338
3341
3345
3351
3353
3357
3360
3367
3375
3378
3380
3385
3389
3391
3397
3405
3407
3409
3411
3417
3428
3429
3435
3436
3439
3455
3460
3463
3476
3477
3479
3487
3491
3503
3511
3525
3533
3539
3543
3545
3552
3553
3555
3561
3566
3567
3573
3583
3585
3591
3593
3596
3597
3599
3603
3612
3624
3627
3638
3639
3641
3642
3647
3652
3660
3665
3670
3673
3683
3687
3695
3704
3707
3711
3712
3717
3720
3723
3735
3743
3749
3755
3757
3761
3766
3771
3773
3779
3780
3781
3782
3788
3798
3799
3800
3810
3815
3816
3819
3822
3823
3824
3825
3826
3843
3851
3855
3857
3858
3859
3860
3861
3870
3871
3872
3873
3874
3877
3879
3880
3883
3890
3891
3907
3909
3915
3917
3923
3924
3925
3926
3937
3945
3947
3951
3956
3959
3965
3968
3973
3982
3983
3987
3989
3990
3991
3992
4005
4007
4010
4011
4023
4026
4031
4034
4035
4036
4047
4056
4057
4063
4067
4072
4075
4079
4080
4088
402
0
1
2
3
4
5
6
7
8
9
10
11
12
13
14
15
16
17
18
19
20
21
22
23
24
25
26
27
28
29
30
31
32
33
34
35
36
37
38
39
40
41
42
43
44
45
46
47
48
49
50
51
52
53
54
55
56
57
58
59
60
61
62
63
64
65
66
67
68
69
70
71
72
73
74
75
76
77
78
79
80
81
82
83
84
85
86
87
88
89
90
91
92
93
94
95
96
97
98
99
100
101
102
103
104
105
106
107
108
109
110
111
112
113
114
115
116
117
118
119
120
121
122
123
124
125
126
127
128
129
130
131
132
133
134
135
136
137
138
139
140
141
142
143
144
145
146
147
148
149
150
151
152
153
154
155
156
157
158
159
160
161
162
163
164
165
166
167
168
169
170
171
172
173
174
175
176
177
178
179
180
181
182
183
184
185
186
187
188
189
190
191
192
193
194
195
196
197
198
199
200
201
202
203
204
205
206
207
208
209
210
211
212
213
214
215
216
217
218
219
220
221
222
223
224
225
226
227
228
229
230
231
232
233
234
235
236
237
238
239
240
241
242
243
244
245
246
247
248
249
250
251
252
253
254
255
256
257
258
259
260
261
262
263
264
265
266
267
268
269
270
271
272
273
274
275
276
277
278
279
280
281
282
283
284
285
286
287
288
289
290
291
292
293
294
295
296
297
298
299
300
301
302
303
304
305
306
307
308
309
310
311
312
313
314
315
316
317
318
319
320
321
322
323
324
325
326
327
328
329
330
331
332
333
334
335
336
337
338
339
340
341
342
343
344
345
346
347
348
349
350
351
352
353
354
355
356
357
358
359
360
361
362
363
364
365
366
367
368
369
370
371
372
373
374
375
376
377
378
379
380
381
382
383
384
385
386
387
388
389
390
391
392
393
394
395
396
397
398
399
400
401
