375
1025
1026
3
6
7
520
521
523
525
14
16
18
530
23
24
26
27
28
543
545
547
35
549
552
43
45
46
559
48
561
565
53
54
55
56
57
569
59
60
65
67
579
68
580
581
582
70
72
73
586
75
589
79
592
593
594
86
87
600
89
601
90
603
91
604
94
95
98
611
99
100
615
103
105
107
108
109
622
110
114
627
116
117
629
631
121
633
636
637
638
128
129
131
133
136
648
649
138
650
651
654
656
657
660
149
664
152
153
154
667
156
668
669
159
160
676
165
678
682
686
176
689
690
691
180
182
183
184
185
186
698
187
700
188
701
189
190
191
194
195
196
199
202
203
204
205
718
206
719
208
720
210
211
723
212
724
213
214
215
727
728
217
218
730
731
732
221
733
224
737
740
229
741
230
742
743
744
232
747
748
750
238
240
752
753
243
755
244
756
246
758
759
760
249
762
763
764
765
766
256
771
776
266
779
268
781
270
272
273
786
787
793
795
284
797
285
799
287
800
804
292
807
295
811
300
813
301
819
308
823
312
825
827
318
833
834
325
842
847
849
850
339
341
342
854
855
856
346
858
859
349
862
863
352
864
353
866
356
358
872
360
361
362
875
363
366
879
881
370
372
885
374
375
890
891
379
381
893
383
384
896
385
897
386
389
391
904
908
400
912
403
405
406
407
920
408
409
410
411
414
926
416
928
929
417
931
935
423
936
424
425
938
941
942
944
432
433
945
946
439
441
956
447
448
960
450
452
453
455
967
461
462
975
463
464
976
465
978
466
467
468
980
981
470
982
471
472
985
474
986
476
477
990
479
481
994
483
996
485
998
486
490
1003
494
1008
499
1011
1012
1014
1016
505
506
1019
507
1022
375
0
1
2
3
4
5
6
7
8
9
10
11
12
13
14
15
16
17
18
19
20
21
22
23
24
25
26
27
28
29
30
31
32
33
34
35
36
37
38
39
40
41
42
43
44
45
46
47
48
49
50
51
52
53
54
55
56
57
58
59
60
61
62
63
64
65
66
67
68
69
70
71
72
73
74
75
76
77
78
79
80
81
82
83
84
85
86
87
88
89
90
91
92
93
94
95
96
97
98
99
100
101
102
103
104
105
106
107
108
109
110
111
112
113
114
115
116
117
118
119
120
121
122
123
124
125
126
127
128
129
130
131
132
133
134
135
136
137
138
139
140
141
142
143
144
145
146
147
148
149
150
151
152
153
154
155
156
157
158
159
160
161
162
163
164
165
166
167
168
169
170
171
172
173
174
175
176
177
178
179
180
181
182
183
184
185
186
187
188
189
190
191
192
193
194
195
196
197
198
199
200
201
202
203
204
205
206
207
208
209
210
211
212
213
214
215
216
217
218
219
220
221
222
223
224
225
226
227
228
229
230
231
232
233
234
235
236
237
238
239
240
241
242
243
244
245
246
247
248
249
250
251
252
253
254
255
256
257
258
259
260
261
262
263
264
265
266
267
268
269
270
271
272
273
274
275
276
277
278
279
280
281
282
283
284
285
286
287
288
289
290
291
292
293
294
295
296
297
298
299
300
301
302
303
304
305
306
307
308
309
310
311
312
313
314
315
316
317
318
319
320
321
322
323
324
325
326
327
328
329
330
331
332
333
334
335
336
337
338
339
340
341
342
343
344
345
346
347
348
349
350
351
352
353
354
355
356
357
358
359
360
361
362
363
364
365
366
367
368
369
370
371
372
373
374
