716
9216
10246
6151
1033
8201
8202
7178
6155
3083
5132
14
6158
9231
19
9235
10261
8213
1046
7192
6171
8220
7197
3101
7198
3104
33
3106
4131
37
7211
43
1070
4144
5168
6194
50
5172
9269
4151
10297
4153
1083
5179
8254
1086
5184
10305
1089
2118
7238
9287
1096
1099
8268
3152
4178
6227
9299
7251
4181
10326
5206
3160
1114
9307
9308
7262
6238
2142
1120
4193
8290
9315
1124
7268
9317
7271
2152
8296
9321
9322
5230
2158
7279
3186
5236
6262
1145
3198
1150
2176
1152
5248
5249
9347
2180
6277
2182
137
7311
144
3216
1169
5267
4244
7318
3222
2200
1178
4252
7325
159
1187
9380
6308
167
168
7339
4267
5292
1198
6318
177
3249
9394
1203
7347
2227
9396
7348
3261
4289
3266
2248
2251
3277
6352
3281
5329
6355
6359
9432
6361
4319
9439
223
9442
8419
2276
4328
7401
3310
238
6385
2292
7413
2294
5367
4344
7416
250
5370
9467
8443
3329
9474
5380
2309
6409
8458
7434
9486
7439
4373
6421
9493
3349
3351
9497
8473
5403
1308
4382
5408
1313
3362
2338
3363
9508
5412
5413
6438
7462
2343
295
9512
5420
8493
3373
7469
5423
304
6449
2355
2358
310
1338
6461
2366
9534
4415
5439
6466
2370
3397
9542
5447
2376
1354
331
332
8527
2385
8532
2391
1369
5467
9565
1373
3421
6494
1377
9570
2403
5475
356
2405
2406
4455
9575
360
5481
1386
5484
8560
4465
1394
5491
4467
7540
6517
9589
373
8567
5496
9593
379
8572
5502
1406
1409
9601
6531
5508
6533
4486
393
7564
8589
5518
7567
3472
2448
5521
1426
402
7572
9621
409
2458
3487
4511
3489
4515
1444
7589
6566
2472
424
1449
426
7595
5549
1456
7600
435
3507
8630
2486
5562
444
4540
2495
5570
5571
3523
457
1481
458
1482
8655
2512
2514
6610
470
8666
1501
2528
481
9697
8673
1507
487
3559
7656
3561
489
9707
5616
3568
5617
8691
7667
1526
3574
1528
4601
509
7678
6654
8704
3585
3586
1538
514
4612
5638
6662
1545
522
3597
8717
4622
6670
5646
5650
4627
6675
4628
6676
7702
1559
536
539
7707
9758
1566
1569
9762
548
9765
2598
9767
6697
9769
8749
9773
2605
559
7728
3637
2615
2616
6717
6718
2622
7742
2625
1606
6727
3655
7752
3657
6730
9802
9803
4683
7758
1616
6737
8786
9810
595
7764
1621
2645
8792
9818
6747
1629
6752
2657
2662
614
3686
8807
9832
7784
5740
7788
9839
3696
4720
1652
6776
8827
3708
4733
6782
2687
6783
8833
641
2690
3715
4739
4742
6791
648
4744
3720
2699
7819
9869
5774
1678
1679
8847
1682
5779
7828
8853
1686
6809
8858
4763
2716
6812
7839
671
2725
4773
677
3749
1702
5799
9898
1707
683
5805
3760
690
2739
5812
7861
5813
6838
4792
3769
1721
4793
9915
4795
6844
6846
3774
704
1729
7876
3780
2757
5832
7881
2761
1737
714
8908
1740
718
719
9935
4816
720
6865
9940
2775
2778
1756
4832
1765
4838
9962
747
5869
6894
750
752
3825
7922
1781
4855
1784
6904
762
5884
764
1797
773
774
7943
7945
2825
5899
4876
1804
3855
786
5908
10006
1815
6938
7967
4895
10016
2848
7970
4898
2851
4900
1833
2857
9002
5930
6955
9006
2862
2864
7984
7986
3891
819
1844
9013
4917
2870
1848
2872
3897
826
4922
2875
3899
7996
828
10047
3903
3904
5953
834
3906
10050
1860
6980
3908
4934
3911
8007
8008
3912
1868
6988
3917
9037
9038
8014
4945
5971
6996
2902
6999
10074
2911
2915
868
7012
8037
8038
9063
1898
3948
10093
5999
881
3953
2930
1907
9077
2934
8057
4985
3962
890
3963
8059
9086
9089
10114
1924
7045
2950
8071
904
2954
2956
10125
8082
6035
8086
8089
5025
9122
10146
933
7080
9129
10156
5040
10161
1969
946
9140
10164
948
1972
5046
4025
6075
9148
7100
9149
1982
3007
1983
3009
3010
9154
5059
3011
10179
5060
6086
1991
1992
1995
1996
973
5070
2000
5074
10195
2006
10198
2010
8155
988
989
2013
6111
10208
7137
993
8163
2019
996
6118
999
9192
2024
9193
2026
6123
7148
5102
5104
1009
7153
1010
6132
7158
2038
9208
6137
6139
5117
3071
2047
184
0
1
2
3
4
5
6
7
8
9
10
11
12
13
14
15
16
17
18
19
20
21
22
23
24
25
26
27
28
29
30
31
32
33
34
35
36
37
38
39
40
41
42
43
44
45
46
47
48
49
50
51
52
53
54
55
56
57
58
59
60
61
62
63
64
65
66
67
68
69
70
71
72
73
74
75
76
77
78
79
80
81
82
83
84
85
86
87
88
89
90
91
92
93
94
95
96
97
98
99
100
101
102
103
104
105
106
107
108
109
110
111
112
113
114
115
116
117
118
119
120
121
122
123
124
125
126
127
128
129
130
131
132
133
134
135
136
137
138
139
140
141
142
143
144
145
146
147
148
149
150
151
152
153
154
155
156
157
158
159
160
161
162
163
164
165
166
167
168
169
170
171
172
173
174
175
176
177
178
179
180
181
182
183
