1546
0
6
8
11
12
13
14
15
16
19
20
21
22
24
28
29
32
33
34
36
37
39
40
42
43
44
45
46
47
48
49
50
51
53
54
58
60
61
63
64
65
66
67
68
69
70
73
74
76
77
78
79
80
81
82
84
85
86
87
88
89
90
91
92
93
95
96
97
98
99
100
101
103
104
105
107
108
110
112
113
115
116
117
118
122
124
126
128
129
131
132
134
135
138
139
141
142
143
144
147
148
149
151
152
154
155
156
157
158
160
161
162
166
169
172
175
176
177
178
179
180
182
184
185
186
188
189
190
194
195
196
197
198
199
200
201
202
205
206
208
212
213
215
217
218
219
220
221
223
224
225
227
228
229
230
231
232
233
234
237
238
239
240
241
243
245
246
247
248
251
252
253
254
255
257
259
261
262
263
265
266
267
268
269
270
271
272
273
274
275
278
279
280
282
283
285
286
287
288
289
290
291
296
297
299
300
301
302
303
304
306
307
309
311
315
316
317
318
319
320
321
322
326
327
328
329
330
331
333
334
335
339
340
341
342
343
344
345
346
349
350
351
352
353
355
356
357
358
359
360
363
364
365
366
367
369
371
372
373
374
375
377
379
380
381
383
384
386
389
390
391
392
393
395
396
398
400
401
402
404
407
408
410
411
412
413
414
415
419
421
423
424
425
427
428
430
431
435
436
437
438
440
442
446
447
448
449
450
452
454
455
456
457
458
460
463
464
465
466
468
469
471
472
473
474
475
478
479
483
484
485
486
487
488
489
492
494
495
496
497
498
499
501
503
504
505
506
507
508
509
510
512
513
514
515
516
518
519
520
521
522
524
526
527
528
529
531
533
534
536
537
538
539
540
543
545
546
547
548
549
551
553
554
555
556
557
559
560
561
562
564
565
568
569
570
571
572
575
577
578
579
581
583
586
587
589
592
594
595
596
597
598
599
600
602
603
604
605
606
607
608
609
610
611
612
613
614
616
617
619
620
621
623
624
628
629
630
631
632
633
634
636
638
639
641
642
643
644
645
649
650
651
652
653
654
656
658
659
660
663
665
669
670
671
672
673
674
675
676
677
678
681
682
685
686
688
690
691
692
694
695
697
700
701
702
707
708
709
710
711
712
713
714
715
717
718
720
721
722
723
724
726
729
730
731
732
735
736
738
739
740
741
742
743
744
746
748
749
750
751
752
756
757
758
759
760
761
762
764
766
767
769
771
772
774
775
776
777
778
779
780
781
782
784
787
788
789
791
793
794
797
798
799
801
802
803
804
806
807
808
813
814
815
816
817
818
820
821
823
824
825
826
827
828
829
830
831
832
833
836
839
840
841
842
845
847
848
849
850
853
855
857
859
861
862
864
865
867
869
870
871
872
876
877
878
879
880
881
882
883
886
889
891
892
893
894
895
896
897
898
899
900
901
903
904
906
907
908
909
910
911
912
913
914
915
917
919
920
922
923
925
926
927
928
929
930
931
932
933
934
937
940
941
943
944
945
946
947
948
949
950
952
954
955
957
958
959
962
963
964
965
967
970
972
973
978
979
980
981
982
983
984
985
987
988
990
991
992
993
995
997
999
1002
1004
1008
1009
1012
1013
1015
1016
1017
1018
1019
1020
1021
1022
1023
1024
1025
1026
1027
1028
1029
1033
1037
1039
1040
1041
1042
1045
1046
1048
1049
1050
1051
1052
1054
1056
1060
1062
1063
1065
1066
1067
1068
1069
1070
1073
1075
1076
1078
1079
1080
1081
1082
1083
1085
1086
1087
1088
1090
1091
1092
1096
1098
1100
1101
1102
1103
1104
1106
1107
1111
1112
1113
1114
1115
1116
1117
1118
1119
1121
1122
1123
1124
1125
1126
1127
1131
1133
1135
1136
1137
1138
1139
1140
1144
1145
1146
1148
1149
1150
1151
1152
1154
1155
1156
1158
1159
1160
1161
1162
1163
1164
1165
1166
1167
1170
1172
1173
1174
1175
1177
1178
1181
1182
1183
1184
1185
1187
1188
1189
1190
1191
1192
1193
1195
1196
1199
1201
1202
1205
1207
1209
1210
1212
1213
1216
1217
1218
1219
1220
1222
1223
1225
1227
1229
1231
1233
1234
1236
1237
1239
1240
1242
1243
1244
1246
1248
1249
1251
1253
1254
1256
1257
1258
1260
1263
1264
1265
1267
1268
1269
1272
1273
1274
1275
1277
1278
1279
1280
1281
1282
1283
1284
1286
1287
1289
1290
1294
1296
1297
1298
1299
1301
1302
1303
1304
1305
1306
1309
1310
1311
1312
1313
1314
1315
1316
1317
1318
1319
1320
1322
1323
1324
1325
1326
1327
1331
1332
1333
1339
1340
1341
1343
1344
1345
1346
1350
1351
1352
1353
1354
1355
1356
1357
1358
1360
1361
1362
1363
1367
1370
1371
1372
1373
1374
1375
1376
1377
1378
1380
1381
1382
1384
1386
1389
1390
1392
1393
1394
1395
1396
1400
1402
1403
1404
1405
1406
1407
1409
1410
1411
1412
1414
1415
1416
1418
1421
1424
1425
1427
1431
1432
1434
1435
1436
1437
1438
1439
1440
1442
1444
1445
1447
1449
1453
1454
1455
1457
1458
1459
1460
1461
1462
1464
1465
1467
1468
1469
1470
1473
1474
1476
1477
1478
1479
1481
1482
1483
1484
1485
1487
1488
1489
1490
1491
1492
1494
1496
1497
1499
1500
1502
1503
1505
1507
1508
1509
1510
1511
1512
1513
1514
1517
1518
1519
1520
1522
1523
1524
1525
1526
1527
1529
1530
1531
1533
1534
1536
1538
1539
1540
1542
1543
1544
1545
1546
1547
1549
1551
1553
1555
1556
1558
1562
1564
1567
1569
1571
1572
1574
1575
1576
1577
1578
1579
1580
1583
1584
1586
1587
1589
1593
1594
1595
1598
1599
1600
1601
1603
1604
1606
1607
1609
1610
1611
1612
1614
1616
1618
1621
1622
1623
1624
1625
1626
1627
1629
1631
1632
1633
1635
1636
1637
1640
1641
1643
1644
1645
1646
1647
1648
1649
1650
1651
1653
1657
1658
1660
1661
1666
1667
1668
1670
1672
1673
1674
1676
1679
1681
1682
1683
1685
1687
1688
1689
1693
1697
1698
1700
1702
1703
1704
1708
1711
1713
1715
1716
1718
1720
1721
1722
1723
1726
1728
1729
1731
1733
1734
1735
1736
1737
1738
1742
1743
1744
1745
1746
1747
1748
1749
1750
1752
1753
1754
1755
1756
1757
1758
1759
1760
1761
1764
1765
1766
1767
1768
1769
1770
1771
1774
1775
1776
1777
1778
1779
1780
1781
1784
1787
1788
1789
1790
1791
1792
1793
1797
1798
1800
1802
1803
1804
1806
1808
1810
1811
1812
1813
1814
1815
1816
1817
1819
1820
1823
1824
1825
1826
1827
1829
1830
1831
1832
1833
1834
1838
1839
1841
1844
1845
1846
1847
1851
1852
1854
1855
1856
1857
1858
1859
1860
1862
1863
1865
1866
1867
1868
1869
1870
1871
1872
1873
1874
1876
1877
1880
1881
1882
1883
1886
1887
1888
1889
1890
1891
1893
1894
1896
1898
1899
1901
1902
1904
1905
1908
1909
1910
1912
1915
1917
1920
1921
1923
1924
1928
1930
1931
1933
1934
1936
1937
1939
1941
1942
1943
1946
1947
1948
1950
1951
1952
1953
1954
1956
1957
1961
1962
1963
1964
1966
1967
1971
1972
1973
1974
1975
1976
1977
1978
1981
1983
1984
1985
1986
1988
1989
1991
1992
1993
1994
1995
1996
1998
2001
2002
2003
2004
2005
2006
2007
2009
2010
2011
2012
2013
2015
2016
2017
2018
2019
2020
2021
2025
2028
2029
2030
2032
2035
2037
2038
2039
2042
2043
2045
2046
2047
2048
2051
2052
2053
2054
2055
2056
2057
2059
2060
2061
2062
2063
2064
2065
2067
2068
2069
2070
2071
2072
2075
2077
2079
2080
2082
2083
2084
2085
2086
2087
2089
2090
2091
2094
2095
2096
2099
2103
2104
2105
2106
2109
2110
2112
2113
2114
2116
2117
2120
2121
2122
2123
2124
2125
2128
2130
2131
2132
2133
2136
2137
2138
2139
2140
2141
2144
2146
2147
2148
2149
2150
2151
2153
2155
2156
2157
2159
2160
2161
2162
2163
2164
2165
2166
2167
2168
2169
2170
2171
2172
2174
2175
2177
2178
2180
2181
2182
2183
2184
2185
2187
2189
2190
2191
2192
2193
2194
2195
2197
2199
2204
2205
2206
2208
2209
2210
2211
2214
2216
2217
2218
2219
2220
2222
2224
2225
2226
2227
2228
2229
2230
2232
2234
2235
2236
2237
2239
2240
2243
2245
2246
2247
2248
2249
2250
2252
2253
2255
134
0
1
2
3
4
5
6
7
8
9
10
11
12
13
14
15
16
17
18
19
20
21
22
23
24
25
26
27
28
29
30
31
32
33
34
35
36
37
38
39
40
41
42
43
44
45
46
47
48
49
50
51
52
53
54
55
56
57
58
59
60
61
62
63
64
65
66
67
68
69
70
71
72
73
74
75
76
77
78
79
80
81
82
83
84
85
86
87
88
89
90
91
92
93
94
95
96
97
98
99
100
101
102
103
104
105
106
107
108
109
110
111
112
113
114
115
116
117
118
119
120
121
122
123
124
125
126
127
128
129
130
131
132
133
