263
2
3077
6
6663
6665
2570
1036
2061
1038
7184
6673
5138
6675
1044
533
4630
8214
535
5143
8215
1564
4637
6686
2079
2597
4133
3111
40
7209
1580
3631
5172
1076
3637
4672
5186
8259
2630
71
2633
5706
8267
3152
4689
595
6230
598
1110
2647
2648
5725
7261
3678
3679
5215
6752
7778
8292
2149
1638
3175
7785
4206
7278
1650
7796
4724
4725
6264
6776
5241
1657
1658
2684
6780
128
7298
644
3716
5767
7815
5768
2697
2185
5261
6798
4239
2706
5268
1173
5272
3225
2714
6812
3741
8349
3742
674
2726
2730
3755
6318
5808
5297
4787
3255
3256
1722
7354
6843
710
1222
712
1224
1226
1739
1228
2253
6861
5327
3794
5845
6870
7896
3801
7898
1757
733
232
5355
3311
1780
7413
6902
6904
6907
5372
767
4352
4353
6913
7938
7427
774
7433
3854
4367
1297
4882
3346
6422
795
7453
7455
7971
1316
4902
1833
3369
2345
305
3895
824
1338
4922
2875
4924
829
3390
1345
836
8009
5970
2387
5978
859
2907
860
7004
3421
5469
8029
8031
357
4967
1896
7019
4972
2925
879
883
7027
6009
6521
1403
7550
7553
4485
3467
7053
3470
2959
1426
915
8084
406
6040
3999
928
6050
2470
935
2985
939
6062
1966
2478
431
1971
6072
3512
4536
4543
7103
6080
3521
4033
1474
1987
8131
5060
1989
966
1481
1993
3019
6603
4557
2510
5074
1493
7639
2521
8155
478
1502
6111
2529
4065
3555
2019
6627
5102
5616
6641
1525
1527
5113
2042
3578
3068
4094
3070
6
339
409
313
74
314
77
