582
1
9219
1028
12295
9225
10
11275
8204
4111
8210
12307
8213
12309
11291
6172
7198
1058
2084
38
9255
11304
4139
2094
3120
1073
9268
62
7230
2111
8257
5188
3144
9290
75
4175
3154
3155
5203
2133
1109
4181
11350
9304
12376
8281
12380
10334
3166
9310
2142
12386
4195
10340
6245
7269
9319
1128
6249
6250
5229
5231
6256
2160
10353
6258
6262
2166
9334
4215
5240
10362
8322
8323
132
7302
5255
3208
1160
7305
7306
6283
4235
10379
10381
5266
1171
4243
2196
7320
11419
8350
2210
2213
4263
172
1202
7350
5302
9398
1207
1209
5305
4283
1213
10433
3266
7362
4296
3273
2249
4297
11467
5328
9424
2257
8405
10454
2262
11478
6360
5337
10458
1246
4319
2272
7392
8419
8422
8423
3305
6377
5355
3308
9452
7405
3310
9454
11503
4338
4344
6393
251
2300
9470
2303
11520
257
7428
2310
10503
8457
10505
5390
4366
1298
6420
10519
7448
8473
1311
288
4384
5413
295
11563
4396
5423
11569
5427
7475
310
1335
2359
312
10553
4410
8507
2366
7486
321
2373
5447
8519
10568
3403
2381
10573
3406
9552
4436
10580
6486
10582
9559
2395
4453
3430
4454
1384
3432
10601
5481
4463
3442
1395
5492
2423
8567
7545
379
6525
2430
3455
1407
7552
3457
10625
5509
1415
2439
4488
2441
8586
9610
9611
3468
8590
3471
5521
2451
2452
1432
9625
10651
8603
5534
6558
9632
1441
4513
1443
5539
2468
11690
9646
1457
7601
9650
8626
11700
2484
4532
9652
439
7609
9660
8636
7613
1470
447
5570
8642
10699
7630
7633
8658
3540
10709
3542
7638
3548
7645
1501
9693
6623
1504
8673
6627
2532
6630
7655
4584
7660
2543
5616
1524
8692
4600
2553
7676
6657
9729
2562
7682
9730
7683
5637
3590
8714
8715
523
6669
9743
8719
11792
6676
8724
1557
533
11801
7707
2590
542
9758
9759
10784
11813
1573
7718
2599
11817
4651
4653
10798
7727
11824
2609
4661
10806
6712
6717
9789
4673
10817
1603
2630
11848
6730
3660
9809
11857
7768
600
5724
9821
7776
5729
11876
612
5733
8805
1641
11881
7789
624
8819
11892
6772
2678
7798
7799
2680
3707
9857
7815
8842
5773
1681
9873
10897
8854
1689
5788
6813
2718
10911
674
1701
1703
7847
3752
4782
1715
11956
2741
694
3766
4791
1720
1725
5821
6846
11966
9919
5824
2756
3781
7877
6853
6855
7887
6864
6866
2772
5845
6871
4824
4827
732
8927
3811
9955
10979
12003
5862
8935
10984
7916
749
4845
10989
1774
6894
10991
5871
9968
12016
3838
3842
4867
2826
11019
1804
11021
782
3854
2831
7953
5906
787
4884
6932
12053
1815
5912
6936
7964
11038
1824
5924
8999
6952
4905
5931
2860
3884
2863
2865
3890
10034
2868
4917
12087
6968
9017
12090
11073
8005
1862
838
2886
4937
5963
8013
9037
846
9041
3922
12114
851
3923
4947
1876
2901
9045
854
2902
11094
11097
10074
859
8027
1889
9057
866
11106
3939
3942
7014
9064
873
10089
1900
5996
10103
2936
7033
10106
7035
8060
6013
11136
897
8065
10117
1929
10121
5002
1931
6031
9104
10130
7060
8084
7061
12184
6041
10137
1948
9119
6049
4008
938
4010
1965
1966
8111
8115
2997
6073
4026
4029
3007
3008
8129
1990
8135
11211
972
7117
12239
4050
8146
8147
5080
9179
3041
995
6116
7140
11236
997
9189
12262
5095
8168
1002
7147
4076
3053
10223
5103
8175
3056
11248
5107
7155
3063
5112
3065
2045
9215
12
97
98
101
358
71
74
50
115
22
57
410
94
