3860
0
1
8194
8196
8197
8198
6
8199
8200
8202
11
8203
8204
8205
8207
15
16
8208
18
8210
20
8213
24
25
8218
8219
29
8221
30
8223
32
8225
34
8227
8228
36
8229
37
8230
8231
8232
8233
41
42
8235
44
8236
8238
49
8243
52
53
55
8250
58
8251
8252
62
8254
8255
8256
8257
8258
67
8259
68
8261
71
72
8264
8265
77
80
8272
8275
8276
86
8279
88
8281
8283
93
8286
95
8288
97
8289
8290
99
8291
100
8292
8293
102
8294
103
105
8297
110
111
113
8305
114
115
116
8308
118
8310
119
8313
123
8316
125
126
137
143
148
149
150
151
152
154
157
158
162
163
166
170
171
174
177
180
181
185
188
191
192
194
198
199
200
202
204
205
206
213
215
216
217
220
221
223
224
232
233
234
235
242
244
246
247
249
250
251
254
258
261
262
263
264
266
268
269
270
271
275
276
278
283
286
290
292
293
295
296
297
298
299
303
310
311
312
313
314
315
316
317
318
319
321
325
326
329
330
331
332
333
334
338
339
340
346
347
352
353
355
356
359
360
361
362
363
371
373
374
378
379
381
383
384
385
390
391
392
394
396
398
399
402
403
404
405
406
407
408
413
415
416
417
422
427
430
431
433
436
438
440
441
442
443
445
447
450
453
454
455
456
457
458
460
462
467
468
471
472
473
480
481
485
487
488
490
491
493
496
497
498
501
503
510
513
514
516
517
518
519
521
522
526
527
531
533
534
536
539
540
544
546
549
550
551
552
553
554
555
561
563
565
567
568
570
571
573
575
576
578
579
582
583
587
591
594
595
597
600
601
603
607
609
612
619
623
624
625
627
629
630
631
632
634
635
636
637
639
640
641
643
644
646
648
649
651
652
657
661
663
666
667
668
669
670
671
673
678
680
682
683
688
692
693
696
697
698
699
700
701
702
704
705
707
709
711
713
714
718
719
724
725
726
731
732
733
736
737
739
743
744
745
746
747
748
750
752
755
756
757
761
766
767
768
769
770
773
775
776
777
778
779
780
781
782
784
786
788
790
793
794
796
798
805
808
811
812
816
817
822
824
825
827
830
833
836
839
840
841
845
846
849
851
854
859
862
869
872
874
875
876
877
878
879
881
882
884
889
891
897
899
900
907
908
909
911
912
913
914
915
916
917
918
920
922
923
924
927
928
932
934
935
941
942
948
949
950
951
952
959
960
962
963
964
966
967
968
969
971
972
973
977
979
982
984
985
987
988
990
994
996
998
999
1002
1006
1007
1008
1009
1010
1011
1013
1018
1019
1020
1021
1024
1026
1029
1031
1037
1038
1041
1045
1046
1050
1051
1054
1055
1056
1057
1058
1065
1066
1070
1071
1074
1077
1079
1081
1082
1085
1086
1089
1090
1091
1094
1095
1101
1104
1105
1106
1108
1109
1114
1117
1125
1126
1127
1128
1129
1131
1132
1135
1136
1137
1141
1144
1146
1151
1153
1155
1159
1161
1163
1164
1166
1169
1170
1172
1173
1174
1175
1176
1177
1181
1182
1185
1186
1187
1188
1190
1191
1198
1200
1201
1203
1207
1208
1209
1211
1212
1214
1215
1221
1227
1229
1230
1234
1236
1237
1238
1240
1241
1243
1244
1245
1246
1247
1248
1250
1251
1252
1253
1256
1259
1260
1261
1264
1268
1269
1270
1272
1276
1277
1278
1279
1280
1281
1284
1286
1288
1290
1291
1293
1295
1297
1298
1299
1300
1301
1302
1303
1304
1306
1307
1311
1312
1313
1314
1317
1319
1320
1321
1322
1324
1327
1329
1331
1332
1334
1335
1336
1339
1341
1344
1346
1348
1349
1350
1351
1352
1354
1356
1358
1359
1360
1364
1365
1366
1367
1368
1370
1371
1375
1376
1378
1379
1381
1384
1385
1387
1388
1389
1390
1391
1392
1394
1397
1398
1400
1402
1406
1409
1413
1414
1415
1416
1417
1418
1421
1422
1423
1425
1426
1428
1429
1431
1432
1433
1434
1437
1438
1439
1442
1443
1444
1446
1449
1452
1454
1455
1457
1461
1462
1463
1465
1467
1468
1470
1473
1474
1477
1483
1487
1489
1491
1492
1493
1496
1502
1509
1510
1512
1514
1515
1516
1519
1521
1525
1526
1528
1530
1531
1533
1539
1541
1544
1546
1547
1549
1550
1551
1552
1554
1558
1559
1563
1565
1566
1570
1572
1573
1575
1576
1577
1579
1580
1581
1585
1587
1589
1590
1592
1593
1594
1595
1596
1597
1599
1600
1601
1607
1608
1610
1611
1612
1614
1615
1619
1620
1622
1629
1633
1634
1639
1641
1643
1646
1647
1648
1649
1651
1653
1654
1655
1660
1662
1663
1664
1666
1670
1671
1676
1677
1679
1680
1682
1683
1684
1686
1688
1689
1690
1691
1694
1695
1697
1703
1704
1705
1706
1709
1710
1715
1717
1718
1720
1723
1726
1727
1728
1732
1733
1735
1736
1738
1743
1745
1746
1747
1748
1749
1751
1755
1756
1757
1759
1761
1762
1765
1768
1769
1772
1773
1775
1777
1778
1783
1784
1785
1787
1789
1790
1791
1793
1799
1800
1801
1802
1803
1804
1805
1806
1809
1810
1811
1813
1814
1815
1817
1818
1819
1820
1822
1824
1825
1826
1827
1831
1833
1835
1836
1839
1841
1842
1844
1845
1847
1854
1855
1856
1859
1860
1863
1870
1871
1874
1877
1878
1879
1880
1881
1882
1885
1887
1888
1889
1890
1891
1892
1895
1897
1898
1900
1901
1904
1907
1908
1914
1916
1917
1919
1921
1925
1927
1928
1929
1930
1934
1936
1939
1940
1942
1945
1946
1947
1949
1950
1951
1953
1955
1956
1959
1960
1961
1962
1965
1968
1970
1973
1975
1976
1978
1979
1980
1982
1983
1984
1987
1988
1991
1993
1994
1997
1999
2000
2003
2008
2009
2010
2011
2012
2014
2015
2016
2019
2020
2023
2024
2026
2028
2030
2031
2032
2033
2035
2036
2037
2043
2045
2046
2050
2054
2055
2057
2058
2060
2063
2066
2068
2071
2074
2075
2076
2079
2083
2085
2087
2088
2090
2093
2097
2101
2104
2106
2111
2123
2128
2130
2131
2132
2135
2136
2137
2139
2142
2143
2144
2145
2149
2151
2156
2157
2158
2159
2163
2165
2167
2168
2171
2172
2174
2176
2181
2190
2191
2196
2197
2200
2204
2211
2212
2213
2214
2216
2219
2220
2221
2224
2225
2236
2237
2240
2242
2243
2245
2246
2247
2252
2253
2254
2256
2257
2258
2259
2261
2262
2263
2264
2265
2266
2267
2268
2269
2272
2278
2282
2283
2285
2286
2288
2289
2291
2292
2295
2296
2297
2298
2299
2301
2304
2307
2311
2312
2314
2317
2319
2320
2322
2323
2326
2328
2329
2331
2332
2333
2334
2335
2340
2343
2345
2346
2347
2350
2351
2355
2356
2357
2358
2361
2363
2364
2366
2374
2375
2376
2377
2380
2381
2383
2384
2387
2392
2394
2395
2397
2398
2402
2403
2404
2406
2412
2413
2417
2418
2419
2420
2422
2423
2424
2428
2429
2430
2432
2435
2438
2439
2443
2444
2445
2448
2451
2453
2454
2456
2459
2460
2464
2465
2466
2468
2472
2476
2478
2480
2482
2483
2484
2485
2486
2489
2491
2492
2493
2495
2496
2497
2505
2506
2508
2509
2514
2516
2518
2520
2523
2524
2525
2530
2531
2532
2538
2539
2540
2541
2544
2545
2546
2547
2548
2549
2550
2561
2565
2566
2567
2568
2569
2570
2571
2573
2576
2580
2583
2585
2586
2587
2588
2590
2591
2593
2594
2595
2596
2597
2599
2601
2603
2605
2607
2608
2611
2613
2614
2615
2617
2618
2623
2625
2627
2630
2631
2634
2635
2636
2641
2644
2646
2647
2652
2653
2654
2657
2664
2666
2668
2670
2671
2673
2674
2678
2679
2680
2682
2683
2684
2686
2689
2691
2695
2697
2700
2702
2704
2707
2708
2709
2711
2714
2716
2718
2719
2721
2722
2723
2726
2730
2731
2733
2737
2739
2740
2742
2744
2746
2748
2754
2755
2756
2758
2763
2765
2766
2769
2773
2774
2777
2778
2779
2781
2782
2783
2784
2788
2789
2793
2796
2799
2801
2802
2803
2804
2805
2806
2807
2811
2812
2814
2815
2816
2819
2823
2826
2828
2830
2831
2832
2838
2839
2840
2842
2845
2846
2849
2850
2855
2856
2857
2858
2860
2862
2864
2865
2866
2867
2870
2871
2872
2875
2876
2881
2882
2883
2884
2885
2886
2887
2890
2892
2895
2896
2898
2903
2904
2908
2909
2910
2911
2912
2919
2920
2921
2922
2925
2927
2928
2931
2932
2934
2936
2937
2941
2942
2943
2944
2946
2949
2951
2952
2955
2960
2961
2964
2965
2968
2970
2971
2976
2977
2978
2979
2980
2981
2983
2986
2989
2991
2993
2995
2996
2997
3000
3002
3004
3007
3018
3021
3025
3026
3029
3034
3035
3039
3044
3049
3054
3056
3058
3059
3060
3063
3064
3067
3068
3069
3071
3072
3073
3075
3076
3078
3081
3082
3084
3085
3086
3087
3088
3089
3091
3093
3095
3103
3107
3108
3111
3113
3114
3117
3118
3121
3122
3125
3126
3133
3135
3138
3139
3140
3141
3142
3145
3148
3152
3154
3155
3156
3160
3164
3165
3168
3169
3172
3174
3179
3182
3183
3184
3186
3190
3192
3195
3198
3202
3204
3206
3212
3213
3217
3218
3219
3220
3221
3222
3224
3226
3227
3228
3231
3233
3234
3236
3238
3239
3240
3241
3243
3246
3247
3250
3253
3256
3259
3260
3263
3265
3270
3276
3279
3280
3281
3282
3283
3286
3291
3299
3300
3301
3303
3304
3305
3309
3312
3314
3315
3316
3319
3322
3324
3328
3330
3331
3332
3333
3338
3340
3343
3344
3345
3346
3351
3352
3358
3361
3363
3367
3368
3369
3370
3372
3377
3383
3385
3386
3387
3389
3390
3394
3396
3397
3398
3402
3405
3406
3409
3410
3411
3414
3415
3419
3420
3422
3424
3426
3428
3430
3431
3432
3433
3441
3443
3446
3447
3448
3449
3452
3456
3457
3458
3462
3464
3465
3472
3474
3475
3478
3479
3482
3485
3487
3488
3492
3494
3495
3497
3498
3499
3500
3501
3502
3503
3504
3505
3506
3507
3509
3513
3514
3515
3517
3518
3519
3526
3531
3532
3537
3542
3545
3548
3550
3552
3554
3555
3557
3562
3563
3565
3566
3567
3571
3572
3573
3576
3581
3583
3588
3589
3590
3591
3592
3601
3602
3603
3607
3608
3612
3613
3614
3618
3619
3620
3621
3623
3624
3626
3628
3629
3635
3640
3641
3642
3643
3644
3646
3647
3648
3649
3650
3652
3653
3654
3656
3659
3660
3661
3663
3665
3666
3669
3670
3675
3676
3677
3678
3679
3680
3681
3684
3689
3692
3695
3699
3703
3704
3706
3708
3710
3711
3712
3714
3715
3716
3719
3720
3721
3722
3723
3724
3725
3727
3728
3730
3734
3738
3741
3742
3750
3751
3755
3756
3757
3758
3759
3761
3762
3763
3767
3771
3772
3778
3779
3780
3781
3783
3784
3785
3786
3788
3789
3791
3799
3802
3804
3806
3807
3808
3809
3810
3811
3812
3815
3816
3818
3819
3821
3823
3824
3826
3829
3832
3833
3835
3837
3839
3844
3847
3850
3852
3858
3862
3863
3864
3866
3867
3868
3870
3877
3879
3882
3883
3886
3887
3889
3890
3893
3899
3901
3910
3911
3914
3917
3919
3923
3924
3925
3926
3931
3933
3934
3936
3937
3939
3940
3943
3944
3945
3946
3947
3948
3949
3950
3955
3956
3957
3958
3960
3961
3962
3963
3967
3968
3969
3971
3973
3974
3975
3976
3977
3982
3984
3988
3989
3991
3994
3995
3997
3999
4002
4006
4007
4008
4011
4012
4013
4014
4015
4018
4019
4020
4021
4022
4023
4024
4025
4027
4031
4036
4041
4042
4047
4049
4051
4052
4053
4054
4056
4060
4061
4062
4064
4065
4066
4067
4068
4069
4073
4076
4077
4079
4081
4082
4087
4099
4100
4104
4105
4106
4107
4108
4109
4110
4111
4112
4115
4116
4117
4120
4127
4128
4129
4130
4133
4134
4137
4138
4139
4140
4143
4145
4147
4149
4151
4153
4154
4159
4165
4166
4168
4170
4171
4172
4175
4179
4181
4182
4186
4188
4191
4192
4194
4200
4201
4202
4203
4208
4213
4215
4216
4217
4218
4220
4221
4226
4230
4232
4233
4241
4242
4243
4245
4246
4247
4248
4250
4251
4253
4261
4268
4270
4272
4274
4276
4278
4279
4280
4281
4282
4283
4284
4287
4288
4295
4296
4297
4301
4302
4304
4305
4307
4311
4317
4323
4325
4327
4337
4339
4340
4341
4343
4344
4347
4348
4357
4358
4367
4372
4373
4374
4378
4379
4380
4383
4385
4388
4389
4395
4398
4400
4404
4410
4412
4413
4414
4417
4418
4419
4426
4428
4430
4432
4438
4439
4440
4443
4444
4448
4450
4452
4454
4457
4458
4459
4460
4461
4464
4472
4473
4475
4477
4481
4482
4483
4484
4486
4487
4492
4493
4495
4497
4500
4502
4503
4504
4505
4506
4508
4509
4511
4513
4514
4516
4517
4518
4519
4522
4523
4528
4532
4535
4539
4540
4543
4546
4547
4548
4549
4550
4551
4553
4554
4555
4557
4558
4559
4562
4563
4567
4569
4570
4572
4574
4575
4576
4578
4581
4584
4585
4589
4591
4592
4594
4595
4596
4597
4598
4600
4601
4602
4604
4609
4610
4611
4613
4614
4616
4619
4621
4623
4624
4625
4627
4632
4633
4634
4636
4638
4640
4641
4643
4647
4653
4655
4656
4658
4660
4661
4664
4665
4666
4667
4671
4673
4676
4678
4679
4680
4683
4684
4686
4687
4689
4696
4697
4698
4701
4702
4709
4713
4716
4718
4720
4721
4722
4724
4725
4727
4731
4732
4738
4739
4741
4743
4744
4746
4748
4750
4751
4755
4758
4761
4762
4764
4765
4766
4767
4769
4772
4773
4775
4777
4778
4779
4789
4791
4792
4793
4796
4799
4803
4804
4807
4808
4810
4816
4819
4824
4825
4827
4828
4829
4831
4832
4833
4834
4836
4841
4844
4845
4846
4847
4850
4851
4853
4854
4859
4862
4866
4867
4869
4871
4876
4878
4879
4882
4885
4886
4887
4891
4892
4893
4894
4896
4898
4901
4902
4903
4904
4910
4912
4915
4917
4918
4923
4927
4928
4929
4931
4935
4936
4938
4939
4942
4944
4946
4949
4951
4952
4954
4955
4957
4961
4962
4964
4965
4968
4969
4970
4973
4974
4977
4979
4982
4983
4985
4987
4992
4993
4996
4997
4998
5003
5005
5006
5007
5008
5010
5011
5013
5015
5023
5025
5027
5032
5033
5038
5040
5041
5042
5043
5049
5050
5052
5054
5059
5060
5066
5069
5070
5074
5076
5077
5080
5081
5082
5084
5093
5096
5097
5098
5099
5103
5105
5113
5116
5117
5122
5123
5127
5128
5132
5137
5138
5140
5141
5143
5144
5147
5149
5150
5154
5158
5161
5164
5165
5166
5170
5171
5174
5175
5176
5177
5180
5186
5188
5190
5191
5196
5199
5200
5201
5202
5203
5204
5206
5207
5209
5211
5213
5219
5220
5221
5222
5227
5229
5231
5237
5238
5240
5245
5246
5247
5250
5252
5255
5256
5259
5261
5262
5265
5267
5269
5275
5276
5280
5281
5282
5283
5284
5285
5286
5291
5292
5296
5299
5301
5303
5305
5309
5310
5312
5318
5320
5322
5323
5325
5327
5330
5331
5332
5333
5334
5339
5340
5341
5345
5348
5352
5353
5356
5357
5361
5366
5369
5371
5373
5376
5377
5378
5384
5388
5389
5392
5394
5395
5399
5400
5401
5402
5404
5405
5406
5408
5409
5412
5413
5414
5416
5419
5420
5421
5423
5425
5426
5427
5428
5429
5432
5434
5441
5442
5443
5448
5451
5452
5453
5454
5455
5457
5458
5459
5466
5467
5468
5472
5475
5478
5482
5484
5485
5487
5489
5491
5492
5494
5498
5503
5506
5508
5513
5514
5515
5516
5519
5520
5524
5525
5528
5530
5532
5534
5535
5536
5537
5538
5542
5545
5546
5548
5553
5554
5556
5557
5558
5559
5561
5562
5566
5567
5568
5575
5576
5579
5580
5581
5583
5585
5592
5593
5595
5596
5600
5601
5604
5605
5609
5610
5612
5613
5614
5615
5617
5619
5622
5623
5627
5630
5631
5633
5634
5635
5636
5637
5638
5641
5642
5644
5647
5648
5649
5650
5655
5656
5658
5659
5660
5663
5666
5667
5673
5676
5677
5678
5679
5680
5681
5684
5686
5688
5689
5690
5692
5694
5695
5697
5699
5700
5710
5711
5712
5713
5716
5717
5719
5721
5722
5723
5725
5728
5731
5734
5739
5740
5743
5745
5748
5749
5750
5753
5754
5755
5756
5758
5760
5763
5765
5768
5769
5771
5772
5774
5775
5777
5780
5781
5782
5783
5786
5787
5789
5791
5797
5798
5799
5801
5804
5806
5809
5811
5812
5813
5815
5821
5825
5828
5829
5831
5832
5833
5834
5835
5836
5843
5844
5847
5850
5851
5852
5854
5856
5857
5859
5860
5861
5866
5867
5868
5869
5872
5874
5878
5879
5881
5883
5887
5889
5891
5893
5894
5895
5896
5900
5905
5913
5916
5917
5921
5924
5930
5935
5937
5938
5941
5943
5944
5948
5949
5950
5951
5952
5956
5958
5961
5962
5965
5969
5972
5975
5977
5981
5983
5984
5986
5991
5993
5994
6001
6005
6009
6011
6012
6013
6014
6015
6017
6018
6024
6026
6028
6031
6033
6037
6040
6041
6042
6043
6046
6047
6048
6053
6055
6057
6061
6062
6066
6069
6070
6073
6075
6076
6079
6081
6083
6085
6087
6089
6094
6095
6098
6099
6100
6102
6103
6104
6105
6107
6108
6110
6111
6112
6113
6114
6116
6117
6118
6119
6120
6121
6123
6126
6129
6134
6137
6139
6140
6141
6142
6144
6146
6150
6153
6155
6163
6166
6167
6169
6172
6174
6177
6178
6179
6180
6181
6182
6187
6192
6193
6197
6198
6204
6205
6207
6208
6209
6211
6212
6215
6217
6218
6222
6226
6227
6229
6231
6232
6235
6236
6238
6240
6243
6244
6245
6248
6249
6256
6257
6258
6259
6260
6262
6263
6265
6274
6275
6277
6281
6282
6286
6288
6289
6290
6291
6293
6294
6298
6299
6304
6306
6307
6310
6314
6315
6316
6318
6323
6327
6330
6332
6334
6340
6342
6344
6345
6346
6349
6350
6351
6356
6357
6358
6361
6362
6363
6364
6368
6373
6374
6378
6383
6384
6386
6388
6390
6392
6395
6398
6400
6402
6408
6409
6411
6412
6413
6414
6416
6423
6424
6426
6427
6428
6429
6430
6433
6435
6436
6437
6439
6441
6446
6447
6449
6450
6451
6455
6457
6458
6460
6464
6465
6467
6468
6473
6474
6475
6477
6478
6479
6481
6482
6487
6490
6493
6495
6496
6499
6501
6502
6503
6507
6511
6516
6519
6521
6522
6527
6528
6531
6532
6533
6534
6535
6538
6543
6544
6545
6546
6547
6549
6551
6554
6557
6558
6563
6566
6567
6568
6572
6575
6578
6579
6584
6589
6595
6598
6601
6603
6604
6609
6610
6614
6618
6621
6623
6625
6627
6629
6630
6631
6633
6634
6635
6637
6641
6643
6652
6655
6659
6669
6673
6674
6676
6677
6678
6679
6687
6695
6697
6698
6700
6701
6703
6711
6712
6716
6719
6720
6725
6727
6728
6731
6732
6737
6740
6743
6752
6754
6756
6762
6763
6764
6766
6767
6768
6771
6774
6775
6778
6780
6781
6782
6783
6784
6790
6791
6793
6794
6800
6801
6804
6805
6806
6808
6810
6814
6815
6816
6818
6821
6823
6824
6825
6827
6829
6830
6831
6832
6834
6835
6837
6838
6842
6843
6844
6851
6852
6855
6856
6858
6859
6860
6862
6867
6870
6871
6873
6876
6878
6880
6882
6886
6889
6890
6895
6896
6899
6901
6903
6908
6909
6910
6911
6913
6914
6917
6919
6920
6921
6924
6928
6929
6930
6931
6932
6934
6935
6936
6941
6942
6943
6944
6945
6947
6951
6953
6955
6957
6959
6960
6962
6965
6966
6967
6968
6969
6971
6973
6974
6976
6978
6979
6982
6983
6984
6985
6986
6987
6988
6990
6992
6993
6996
6998
6999
7001
7003
7005
7007
7012
7013
7014
7021
7026
7042
7046
7048
7050
7054
7057
7058
7059
7061
7063
7068
7069
7070
7071
7075
7079
7084
7085
7086
7093
7094
7095
7097
7098
7102
7103
7104
7105
7109
7113
7119
7123
7125
7126
7127
7132
7134
7135
7137
7138
7139
7141
7144
7151
7152
7154
7156
7160
7165
7166
7167
7171
7175
7176
7181
7183
7184
7186
7187
7190
7194
7195
7197
7198
7201
7203
7204
7208
7211
7212
7213
7215
7218
7219
7220
7222
7228
7230
7236
7237
7238
7239
7240
7243
7244
7245
7250
7251
7254
7256
7258
7259
7260
7261
7262
7265
7268
7269
7270
7271
7274
7275
7277
7279
7280
7284
7285
7286
7289
7291
7292
7294
7297
7300
7301
7303
7305
7307
7310
7312
7318
7319
7322
7323
7324
7328
7329
7331
7335
7336
7337
7338
7341
7346
7348
7351
7354
7357
7358
7359
7360
7361
7365
7367
7368
7371
7374
7375
7377
7378
7380
7381
7385
7386
7388
7389
7392
7394
7395
7398
7401
7404
7405
7407
7409
7411
7412
7414
7416
7418
7421
7424
7427
7429
7430
7433
7434
7438
7439
7441
7442
7447
7449
7453
7456
7457
7458
7460
7463
7464
7468
7470
7471
7473
7475
7478
7489
7490
7494
7495
7498
7504
7505
7508
7510
7511
7512
7514
7516
7517
7519
7520
7521
7522
7523
7524
7526
7528
7529
7532
7536
7540
7541
7543
7544
7545
7547
7549
7551
7552
7553
7556
7557
7559
7560
7564
7567
7568
7570
7571
7572
7575
7576
7577
7578
7580
7581
7583
7593
7599
7600
7602
7605
7609
7612
7614
7620
7621
7622
7623
7624
7625
7626
7628
7629
7631
7633
7634
7638
7640
7641
7642
7645
7646
7650
7651
7652
7653
7657
7658
7659
7663
7665
7668
7669
7673
7676
7677
7679
7680
7681
7682
7683
7689
7699
7701
7704
7710
7713
7717
7718
7719
7723
7725
7727
7729
7730
7732
7738
7739
7740
7741
7743
7744
7746
7753
7754
7755
7756
7757
7758
7762
7767
7769
7770
7772
7775
7776
7777
7780
7781
7784
7786
7792
7798
7805
7807
7809
7812
7814
7817
7818
7819
7820
7823
7826
7828
7832
7835
7838
7839
7841
7844
7845
7846
7847
7848
7849
7851
7852
7854
7855
7856
7857
7858
7863
7864
7865
7867
7868
7869
7874
7876
7877
7878
7880
7882
7883
7884
7890
7892
7897
7898
7901
7905
7908
7910
7913
7916
7917
7918
7919
7924
7925
7927
7931
7932
7933
7934
7935
7941
7943
7944
7946
7950
7951
7953
7959
7960
7963
7964
7965
7966
7968
7972
7973
7974
7977
7978
7983
7984
7986
7987
7988
7989
7990
7991
7993
7995
7996
7997
7998
7999
8001
8002
8008
8009
8012
8016
8017
8019
8020
8021
8022
8024
8025
8026
8028
8029
8030
8031
8034
8035
8036
8038
8039
8041
8042
8043
8044
8046
8047
8050
8054
8055
8056
8057
8059
8060
8061
8062
8065
8067
8068
8070
8075
8076
8077
8079
8080
8083
8086
8089
8092
8094
8095
8096
8100
8101
8102
8104
8110
8112
8113
8114
8117
8118
8119
8121
8122
8124
8127
8129
8133
8134
8135
8137
8139
8141
8143
8144
8146
8147
8152
8153
8157
8158
8159
8161
8164
8166
8168
8169
8171
8173
8177
8179
8181
8184
8185
8186
8188
8189
180
0
1
2
3
4
5
6
7
8
9
10
11
12
13
14
15
16
17
18
19
20
21
22
23
24
25
26
27
28
29
30
31
32
33
34
35
36
37
38
39
40
41
42
43
44
45
46
47
48
49
50
51
52
53
54
55
56
57
58
59
60
61
62
63
64
65
66
67
68
69
70
71
72
73
74
75
76
77
78
79
80
81
82
83
84
85
86
87
88
89
90
91
92
93
94
95
96
97
98
99
100
101
102
103
104
105
106
107
108
109
110
111
112
113
114
115
116
117
118
119
120
121
122
123
124
125
126
127
128
129
130
131
132
133
134
135
136
137
138
139
140
141
142
143
144
145
146
147
148
149
150
151
152
153
154
155
156
157
158
159
160
161
162
163
164
165
166
167
168
169
170
171
172
173
174
175
176
177
178
179
