4
35
84
5
30
222
0
1
2
4
1028
8
1033
12
15
1040
17
532
24
25
1051
540
35
37
551
41
42
556
45
558
47
48
1075
53
1077
570
1082
572
575
1088
65
577
1089
67
579
69
582
71
585
1097
1098
589
591
81
1106
84
596
598
89
601
603
98
612
107
622
630
634
127
128
640
130
642
133
649
138
140
144
657
661
152
664
162
165
677
683
175
689
184
696
185
189
701
191
705
706
197
202
205
719
208
720
210
213
725
215
218
732
221
224
737
235
237
238
240
756
245
759
250
763
252
764
767
769
260
262
774
263
266
779
268
783
786
791
282
794
798
297
302
814
816
817
306
819
308
823
829
318
832
321
833
834
323
325
838
333
334
846
847
849
342
346
349
350
863
355
356
358
360
874
365
878
883
373
886
887
893
385
898
899
388
900
389
398
911
913
914
917
920
923
924
926
934
940
941
430
948
952
954
958
449
455
967
458
459
972
973
464
977
469
983
984
473
474
989
991
994
483
995
486
488
1000
494
499
1011
500
1020
1021
1023
