144
512
1280
1537
4
517
1546
523
12
1036
1040
275
20
22
1049
282
542
1313
1315
39
554
43
1067
1326
1327
1071
818
820
1589
1077
1334
566
56
824
59
61
63
832
1344
321
1346
1090
1347
324
1092
1093
73
1357
1103
848
849
593
594
1362
852
342
598
1110
88
1113
1371
604
352
356
869
873
1130
876
882
372
630
380
1149
638
1406
1409
387
1415
1162
908
909
397
1423
1168
401
402
1427
662
408
922
154
1186
1443
931
932
1190
167
937
427
1200
1457
689
691
437
1205
439
960
192
705
1474
1478
455
1480
207
975
468
215
983
1498
218
730
475
221
989
480
1251
997
489
233
1514
1004
236
1260
238
1007
497
1521
1011
1269
1273
1531
764
1021
254
1535
49
0
4
135
137
9
138
267
145
273
146
19
23
158
33
162
35
167
168
179
53
309
311
191
67
68
327
199
200
203
338
339
89
221
349
224
354
100
103
104
237
365
111
240
241
113
120
250
379
125
